chr	start	end	Direction	Mean_WMD	Min_WMD	Max_WMD	Q25_WMD	Median_WMD	Q75_WMD	Mean_Qval	Min_Qval	Max_Qval	Q25_Qval	Median_Qval	Q75_Qval
chr1	2319117	2319117	Hyper	7.752403174489332	1.1620608564240742	10.903649089165224	6.903001555651589	8.066999188324608	8.96334963722609	0.016635424315310197	1.239981101692201e-11	0.8360199540995835	2.3505212147851596e-06	4.144809539484642e-05	0.00339381599959815
chr1	3182669	3182669	Hypo	-6.803137407846313	-10.620773335739363	-2.059815180059688	-7.63158053512907	-6.823439650355361	-6.014521080588456	0.008571692504866066	5.858548627445828e-08	0.4964007002798162	0.000221937663986525	0.00099472905363665	0.0038493399421219
chr1	8314126	8314126	Hyper	14.3705380018559	3.0530856223493386	19.945665541070813	13.210560292056087	14.540020107295565	15.894852540112993	0.00581171845357249	1.5522574606393716e-09	0.5311161920559045	1.5635453126203214e-05	0.00014236094236729998	0.001367773294124275
chr1	8355175	8355175	Hyper	12.119813131778416	6.374288789202065	16.530237456186715	11.163188222841198	12.176435172179868	13.149120548530838	0.004477454782625262	5.417016033034421e-15	0.3108382577800678	1.558735744725052e-05	0.0002735522537798	0.00189440463603405
chr1	11501656	11501656	Hyper	7.9703970136064255	1.2246096784023108	11.87380158654725	7.097173877804202	8.1570432039819	8.970761257264508	0.0012418978166439047	3.9586218823992437e-10	0.2389071768586868	5.052603194973784e-06	3.868270631863619e-05	0.0002388767635092
chr1	16724760	16724760	Hyper	6.625141640204937	3.439263923451208	8.8943637122044	6.0935459970725665	6.680389848216412	7.15120919808745	0.0006117730786550455	1.341266035745339e-09	0.1680317900936475	2.97744920170375e-06	1.5708787975235394e-05	8.788228723427962e-05
chr1	18784416	18784416	Hypo	-16.910632757732238	-28.10598619146049	-4.832137806210557	-19.088643678621235	-16.846948228040095	-14.818158667094345	0.019767836512762014	1.3426690696023251e-06	0.7745974392550697	0.0014977102627454502	0.00589167988321145	0.016667343949886525
chr1	18784422	18784422	Hypo	-19.544689023916156	-26.53144959693947	-6.8557472061513085	-21.406538508487337	-19.787233334695035	-17.862351827746973	0.006944380681190685	1.2702288482158944e-07	0.8362178693203831	6.782772013537384e-05	0.00036104871030685	0.00183420445891215
chr1	18784425	18784425	Hypo	-16.16317748346766	-26.18360475338909	-5.682588423719026	-18.1195981968964	-16.233001096661212	-14.195426702900207	0.0179590694799265	5.913228913726819e-06	0.6352851705494185	0.00136306408723425	0.0048382405717299504	0.015693285148105876
chr1	18784430	18784430	Hypo	-15.894117366985418	-25.9998059505382	-5.604193635695753	-17.7935068340754	-15.875813551740531	-14.059045996991676	0.015316750337824012	1.6482667302620794e-06	0.6418436617692256	0.001237228569102025	0.0052220992567545005	0.014059983534391975
chr1	18784434	18784434	Hypo	-16.59802477277906	-26.56829697952373	-6.059342649665345	-18.726179193380087	-16.65267922855652	-14.464959389575467	0.007878946255183749	1.1702234676489748e-07	0.5549240356755335	0.00043736918741045	0.0018635859640267999	0.005813511844398125
chr1	18784437	18784437	Hypo	-12.760283223138405	-21.178182530118995	-3.7463399022355848	-14.469543640131521	-12.703916961389604	-11.03659051411438	0.018986181597457148	2.2467691606576294e-06	0.5347525516763804	0.0017165428507822	0.00657301837879885	0.0192615212105713
chr1	18784455	18784455	Hypo	-12.549824814383236	-21.622900786785905	-4.447969980962185	-14.387696870102904	-12.502143953742813	-10.6312797578353	0.019288672876982556	1.254068698701017e-06	0.4297760416856799	0.001628455953635375	0.0062156219759168	0.020846839927677475
chr1	18784484	18784484	Hypo	-12.525933615509647	-20.713938316319677	-3.740187999736322	-14.348613526365025	-12.579235123441087	-10.753669578145043	0.019079794451923256	2.6780073184702847e-06	0.9269927302175572	0.002025386729964725	0.0063306701033881	0.019520606823242675
chr1	18784540	18784540	Hypo	-12.331331290994653	-18.980671629711992	-2.251235081181868	-13.981936387263303	-12.394625987020614	-10.80428080787862	0.004349975004861955	3.208553992330775e-09	0.6929794590191083	3.949704333051063e-05	0.0001911573846395	0.0009266819732602
chr1	24911704	24911704	Hyper	7.396677585975859	3.4675960715582543	9.720836792452136	6.8140443015464065	7.491844134578046	8.123800917387708	0.000505411238303662	7.034294967838034e-13	0.1194843030060081	6.397192743305754e-08	6.010347900262255e-07	1.01014519517279e-05
chr1	24911713	24911713	Hyper	6.769150677053665	3.8898507940298366	8.950999205515409	6.282004302651306	6.830256614614388	7.342587146486859	0.00020255591561265112	1.4514727246550584e-17	0.0194318228619715	2.5870337971756417e-09	5.848148369036623e-08	1.7117247264522753e-06
chr1	26290043	26290043	Hypo	-7.2664958891772296	-10.407573142305626	-0.7163114856454184	-8.266254298800146	-7.511066404419316	-6.543952319372233	0.009193739593586416	1.3218657986873052e-10	0.740762229675398	6.514120772591388e-06	6.867322670662098e-05	0.0023229434049865253
chr1	33180370	33180370	Hypo	-13.952934561108261	-19.11396860157408	-6.841777963918299	-15.109944343294526	-14.080802856339083	-12.93755542433913	0.00033050615731296696	1.6606332981713899e-12	0.0344103607224019	1.1738593721933362e-06	1.0234231337921974e-05	7.207600769288183e-05
chr1	42936920	42936920	Hyper	8.071074599717502	3.497181854275222	11.96050443842357	7.209092865327518	8.073102934003268	8.973545371911555	0.007890717621518984	7.911970012326598e-09	0.3819655149184692	6.117499387974349e-05	0.00066014296418385	0.003841819742345175
chr1	47766506	47766506	Hyper	10.185099935042043	1.8302867829340648	14.848305407943652	9.22413477009778	10.241221358525937	11.148124828952252	0.013324085062125427	9.143637519937447e-10	0.9103647994567988	0.0005377683766395	0.00277197593078875	0.011186773896551226
chr1	54356702	54356702	Hypo	-6.976332812912346	-10.136959476581906	1.111693579191611	-8.015345902580325	-7.19640294988497	-6.050644600367641	0.007611012169846707	1.4098971245155212e-12	0.6577636488197101	7.368820479171889e-06	0.00012415718569535	0.00157547282078555
chr1	54651327	54651327	Hyper	12.4641836467371	3.673162879276581	18.24232947232166	10.529984270211765	13.239267178310653	14.483515200196376	0.008749765663785325	8.038824679293791e-10	0.3576287724329287	1.1428461151134761e-05	0.00013495097475925	0.0026972617258693753
chr1	77349833	77349833	Hypo	-27.87468507101114	-46.55619125877026	0.9824947165772202	-33.518227062569736	-29.154609721335227	-22.92608009406683	0.013576657419269533	1.2552232791180944e-11	0.815592264264203	3.408867922874469e-07	4.1137255673603585e-06	0.0005711002079599
chr1	93636457	93636457	Hyper	9.246659731658955	5.575246315845439	13.265740815823737	8.443435307821144	9.31475134472653	10.064832846279439	0.0033759266164704008	1.1752971279190728e-09	0.1079716390788697	3.481708191608766e-05	0.00031724914808285	0.0021540981698631003
chr1	95352487	95352487	Hyper	14.020998123141982	6.926637700422367	19.504211783344992	12.86496677902027	14.011488751109825	15.213852971363771	0.007592666091091943	5.344831322039835e-07	0.6529136894142695	0.000397801585262775	0.0017758610736756	0.005900087334432825
chr1	110209570	110209570	Hypo	-10.49198742526297	-15.919843871405764	-1.8144072450226645	-11.844118109303976	-10.605980191164871	-9.33185719900693	0.00882292010881622	4.3594817065869157e-10	0.8783911688106198	1.8032392140627898e-05	0.0001736875625141	0.0019588777100505
chr1	110209635	110209635	Hypo	-8.318582249495464	-15.027666150575795	-1.3523178182418438	-9.765868698015456	-8.348704216705988	-6.924888637875798	0.0093793712303194	2.19271421388843e-08	0.4608950539990473	9.088369288591283e-05	0.00049126772467545	0.00390994601672255
chr1	110209658	110209658	Hypo	-9.410839728147876	-15.879746225142332	-1.6588041979557822	-11.027286260423399	-9.649360844475236	-7.795358091429527	0.006808816554956471	5.1153028839748675e-09	0.8784209384481261	1.358652940685295e-05	9.224092711615518e-05	0.0011880638954299251
chr1	110209673	110209673	Hypo	-9.663184516501014	-16.599642666710146	-1.3685464591294605	-11.620110062529621	-9.870994086919321	-7.984251866513597	0.009480229558974356	4.397366748606944e-09	0.7814138770381948	1.1595904443399013e-05	0.00010273202037095001	0.001970543508336575
chr1	110209708	110209708	Hypo	-9.899015639229264	-15.928426039363924	-2.6183264287189867	-11.223591709586334	-10.043525107553638	-8.681600654260183	0.0033573480568694623	1.1865232521611044e-11	0.5215520926495915	6.576897462472544e-07	1.2360128052490971e-05	0.000254001338295875
chr1	110209723	110209723	Hypo	-10.197167489175964	-15.181285347900165	-1.7903684584884227	-11.55752567071982	-10.379950724795691	-9.091930819659142	0.009416756971323265	3.834724716213841e-12	0.814209783586511	4.6534077015951864e-07	1.0412871031639273e-05	0.0005451959852574749
chr1	110209725	110209725	Hypo	-8.30632339211757	-11.660952067410424	-0.0957576199044074	-9.547857743626173	-8.64754188669545	-7.29790204545268	0.011212463982113379	2.1388704830714436e-10	0.9171793097855344	4.544080015361728e-06	7.241420485243271e-05	0.001376176629254725
chr1	110209752	110209752	Hypo	-10.407651297111363	-14.444075259663968	1.204896404931621	-11.90789857352345	-10.709584354862823	-9.19009594582873	0.005617110642173966	7.539155251524517e-11	0.7229567943668392	8.924262839987531e-07	2.0333238988786138e-05	0.0003175135933914
chr1	111386766	111386766	Hypo	-9.709951583020084	-16.126831443846367	0.3222802650469925	-11.472032511942789	-10.079648396526594	-8.277100376068597	0.01174250879112167	1.5180286212692747e-14	0.9508533069774407	8.841689609400371e-07	2.651649885321337e-05	0.00163417145545645
chr1	119713084	119713084	Hypo	-14.487272142740819	-18.98620373166051	-6.919551286913029	-16.13085193729716	-15.114382350823867	-12.860481209097392	2.689332396832374e-05	4.310389247477421e-22	0.0169860748136595	3.428462958691842e-12	1.767716190409083e-10	3.82761675925073e-08
chr1	119713129	119713129	Hypo	-14.417904065036108	-21.29045008712683	-3.746123469618557	-17.4163187394153	-16.061197255767524	-9.819751601097924	2.3049718352490586e-05	3.039078071047939e-20	0.0055332272673719	3.078834727472763e-12	1.8881256976385572e-10	8.819175324623643e-08
chr1	119713142	119713142	Hypo	-7.928625939141837	-9.79485700951708	-3.996818215918135	-8.647700536983955	-8.215466464225472	-7.325256080601584	1.6803170830588792e-05	1.0782195732965394e-21	0.0068476990531513	1.3827291007661873e-12	1.2549715479360073e-10	3.240665897408055e-08
chr1	119713250	119713250	Hypo	-15.071364747715478	-20.635882789265832	-5.852541753734474	-17.09651320546509	-15.893385444434141	-13.043423657920474	0.0009397755947942101	3.5066078462135255e-21	0.1029366646411979	6.990057525544653e-11	1.060417033612127e-08	1.6137923838870467e-05
chr1	119713318	119713318	Hypo	-12.73900295523811	-20.87579086713677	-2.495025276807461	-16.025040247328764	-14.44459936235193	-7.675614143952997	0.0029126782915335553	1.3484064302233492e-19	0.2593750625647111	8.010700278637836e-10	8.123085128454064e-08	3.114167675800294e-05
chr1	119713338	119713338	Hypo	-10.210971398195678	-14.759763083569863	-1.9598040156110552	-12.055441937262328	-11.19522075961834	-7.606863814721871	0.0021314630321318142	3.855869325707563e-16	0.5247456321318609	7.679701491268307e-10	2.6015963943158813e-08	5.6612781172209715e-05
chr1	119713369	119713369	Hypo	-10.34476578521031	-15.514723172708877	-2.279520164264348	-12.377119145288255	-11.367011116141429	-7.6158909467497296	0.0027859676576154515	2.2002949645098427e-16	0.5601245811307205	4.1040572935334653e-10	2.0347086469651726e-08	3.455127882767125e-05
chr1	119713529	119713529	Hypo	-8.830644563467997	-13.424019434947375	-1.6770255127061209	-10.244340550419555	-9.269093808103658	-7.556851564789177	0.002142803392985172	2.117781972487338e-21	0.2590184408517271	3.21939949956828e-09	2.9311631880306633e-07	5.6859961317331686e-05
chr1	156659234	156659234	Hyper	7.856170885319303	0.5634700981140217	11.188794204073677	6.964090513893847	8.053495782453934	8.857674920649682	0.0020470616834252055	1.992301081804096e-14	0.4629755217127504	4.970669284189081e-08	1.7558728244529133e-06	9.035918223090291e-05
chr1	182061557	182061557	Hyper	12.930186446467923	2.801840910593134	19.2111943655615	10.45666800145486	13.972368465238178	15.232565455523083	0.005181544823347094	4.4837937810532513e-13	0.3441034311800369	2.6908941183144073e-07	5.142764257013014e-06	0.00031631480429665
chr1	183329014	183329014	Hypo	-10.644134153157783	-15.30808341340446	-3.622017319562336	-11.574472651597251	-10.77572476495989	-9.813588688626982	0.0012766058334379678	2.1074149770171107e-09	0.14253517855863	1.7006984833952568e-05	9.453631808500304e-05	0.000462255581408425
chr1	245166662	245166662	Hypo	-6.323122852194528	-8.450651819776473	-3.282424393891553	-6.906954572293115	-6.39105164505947	-5.800417689094575	0.00783752979235677	9.829015771418623e-10	0.3730863484796502	6.088781696915809e-05	0.0003788561096984	0.002669200020378175
chr1	245680824	245680824	Hyper	6.376467336407451	3.603172115189357	9.207256698173603	5.83254174016716	6.364914786519117	6.97739516215784	0.0005785522321649032	2.698350347167303e-11	0.0487644021273888	6.882778207111208e-06	4.9250725920151685e-05	0.000282578753075075
chr1	246789555	246789555	Hypo	-10.698594712673689	-16.500095053434283	-1.5366077953780533	-12.872874719961313	-11.211859334340325	-8.985394591235481	0.012210221980516217	1.389109444034715e-12	0.4717388138004765	7.543336489304131e-07	1.2524813470276844e-05	0.002049289673028575
chr10	697452	697452	Hyper	8.919502075925026	1.9411069018785645	12.21773847330102	7.5124450583198605	9.580317241985554	10.295218702864709	0.003687077237876591	1.1527578634513288e-14	0.5664292589063163	3.5321150117752824e-08	1.3662318425645337e-06	8.039080431416251e-05
chr10	2105023	2105023	Hypo	-21.75556002288106	-33.33425834858803	2.229389655666436	-26.03666681850517	-22.940080341790186	-18.798277879939327	0.017450686448138124	6.562002355431453e-15	0.9861301577893988	7.458129371886404e-08	8.892375787108952e-06	0.0005860610783822
chr10	3116656	3116656	Hypo	-16.680895782308063	-25.35030528269358	-3.4476495676365517	-18.948119407364434	-17.05142195687348	-14.711519476964051	0.013565975681641425	2.837108858110556e-09	0.513843118173763	8.455326071935098e-05	0.0007603935090654	0.00623569074595345
chr10	5646602	5646602	Hypo	-18.215041484656744	-27.801269810263857	0.1183821697564146	-22.072559607008323	-19.897711633785786	-14.203626622883009	0.017707577474916084	3.1793351259187245e-11	0.9497248541960208	1.276282746406339e-06	1.4595169557579154e-05	0.00213616533896855
chr10	23203937	23203937	Hyper	8.588411617239034	-3.1339475054362573	14.486618657515429	7.263131608350351	8.979621704425409	10.191097641865795	0.008047205907007058	3.5200668303702525e-11	0.915948924823916	8.344697440044416e-06	0.0001007817678536	0.0009789237578908
chr10	36449660	36449660	Hyper	11.213096986012136	3.941286870477212	15.32594263107898	10.11290129687822	11.371111559210028	12.346480302402657	0.015955366841505145	2.698685868625685e-07	0.4120977975928711	0.0002733073870872	0.0016166472601873	0.01095409650732885
chr10	36449666	36449666	Hyper	8.622426608490688	1.0815227246638082	12.94251512251332	7.608872101036975	8.958584874977017	10.01970958361488	0.012544819818436657	8.038440760410096e-14	0.6888497995516096	5.366337988046085e-07	1.6862743132371315e-05	0.0012164993750773251
chr10	48655841	48655841	Hypo	-6.986718648367778	-9.972012567948632	-1.8803565066964625	-7.843005789996306	-7.072500936433668	-6.251731253806513	0.009980591230258875	8.840004740214933e-10	0.7643216844369919	2.7249644512157134e-05	0.0002491381906888	0.0019786388713295246
chr10	52778842	52778842	Hypo	-6.949031986141718	-9.784477478771102	-0.7120177992059634	-7.691261244954015	-7.009306966623441	-6.218582342258567	0.015865603160918212	1.2548579610410256e-07	0.7697448122580318	0.00010842141633945	0.00056186546804595	0.0049245101299414
chr10	52778855	52778855	Hypo	-10.347586962111443	-13.9333067695661	-3.3027914705384998	-11.424320321197131	-10.620066599363254	-9.528619334127525	0.0029896179494077295	1.2247502253079847e-14	0.6503835634877769	1.0653028144672227e-07	1.7768819453195046e-06	9.911315453544324e-05
chr10	69484594	69484594	Hypo	-18.20564606915903	-33.25467502583285	-4.809909946320684	-20.888667770464156	-18.380309140268402	-15.544660627291083	0.021181636090448996	2.818531628043683e-06	0.7703592278994281	0.001862279056469325	0.00673065923286875	0.01968892407572815
chr10	71819460	71819460	Hyper	15.951230981548916	4.151431503239467	21.81729936503931	14.500129027690503	16.22886847751099	17.678230418599405	0.010601423096830999	1.0716206132342065e-08	0.7394964213571962	7.074715252371298e-05	0.0005112583001110501	0.005187371832164125
chr10	71819648	71819648	Hyper	14.571578228195616	5.188856040732837	20.08914133451685	13.30857451589775	14.673937618593474	15.991254582139371	0.007520458126390459	1.0810869637010608e-07	0.5183068341161889	0.0001097424462728	0.0006412918170914	0.003704834902848625
chr10	77710550	77710550	Hyper	9.98508380959242	-1.0782588977585217	14.22220096781181	8.03401158893211	10.953121875136869	11.900508712812474	0.011984065838385391	6.0144440304563906e-12	0.8617336501563204	1.4955906827093442e-07	3.7519684627053802e-06	0.0006242772325917251
chr10	99658726	99658726	Hyper	6.906375845621135	1.5820546258733192	10.73738394456328	6.017903113766231	6.896343578591974	7.920394163732533	0.007586875207143809	1.8791335151045292e-11	0.4993103157329739	1.6652215944452298e-05	0.00042284615766074996	0.00269339365804855
chr10	104335296	104335296	Hypo	-6.638309808979794	-8.991835954412696	-1.463075375977696	-7.420535790984904	-6.817749239415957	-6.00472047352688	0.004050543996672969	1.7208205770933302e-10	0.7351532337273701	1.846764580438554e-06	2.3198015340783975e-05	0.000428143376657125
chr10	119028861	119028861	Hyper	9.830108211400855	2.0895349579073352	15.059811757097137	6.719162081556251	11.01492255836512	11.960121011041014	0.0069440828502949446	6.802149701708438e-20	0.422256467106394	7.105863417178421e-08	4.161041640900767e-06	0.0005364398559363251
chr10	122258371	122258371	Hyper	15.37753580421959	3.1137953827404363	24.154825913354884	13.577808300482879	15.68452695142688	17.3913340770095	0.015797137587701314	3.893919583441894e-09	0.5222211161908561	0.0001100815453648	0.00066765993497155	0.0063986532997017
chr10	128062100	128062100	Hyper	10.466212306520264	2.771271072813608	15.272319343672525	9.225618181835689	10.93551184169048	11.824355969366703	0.006745903123151864	6.8990016601955155e-09	0.4238483617014926	2.127710522077141e-05	0.000161828586469	0.002952442152291725
chr10	129510991	129510991	Hypo	-17.54820467925047	-25.213156128329786	-3.9422224368525938	-20.096565827141724	-17.806882124704856	-15.570762925647985	0.007634302981156801	6.95190701341721e-08	0.4610539326198151	7.23286819429167e-05	0.0004000160734462	0.001940983293091775
chr10	129511483	129511483	Hypo	-14.83053000344919	-27.267636185233503	-4.301577418909863	-17.201431722107408	-14.54690539353157	-12.08283639455151	0.009219186834037952	2.856422232654565e-09	0.2794128710417058	0.000163863595417675	0.0012041763782914502	0.005622558670468625
chr10	133024302	133024302	Hyper	17.21189717800875	0.26246254040177	33.48727983095914	14.112850678680331	17.060504041635433	20.23874130077678	0.022152468592264787	6.462477004711064e-09	0.9935533156043548	0.000372603135990625	0.00237268686374795	0.01104043871803875
chr11	362564	362564	Hyper	8.815489297355995	1.3299193944943275	13.27733290964569	7.893981538428147	8.837393570746926	9.840628521072574	0.016432681759856835	5.212308412908231e-10	0.9780769628433938	0.00014321948811899998	0.00128383904564935	0.0075858021970737245
chr11	1639290	1639290	Hyper	6.443840978122155	1.986493919790433	8.353989496695524	5.987447952687125	6.527988671866386	7.043382857671812	0.0015238388225838103	3.672374939549595e-13	0.3563366446482811	2.576559578385628e-07	4.024383734143296e-06	9.959466522373223e-05
chr11	1784724	1784724	Hyper	11.599819460222902	3.969914125549434	17.329116563302684	10.593830768463805	11.701576799105112	12.741571322509095	0.022255589257969575	1.2461104381153912e-07	0.7927358697515504	0.00051158375171095	0.00266404456785535	0.012594579123046476
chr11	8242487	8242487	Hyper	6.738642213079546	2.5579828158410534	9.132220684601178	6.147991171516656	6.906361992765819	7.522343519258639	0.0045998349141811124	5.264912026289135e-17	0.4878180193522034	8.161180661725308e-07	1.8018004548087665e-05	0.000783119033632425
chr11	15941621	15941621	Hypo	-7.259405004741889	-11.047066681698436	-1.153631633203822	-8.39790268007337	-7.6036091420996375	-6.336111638080008	0.006567998251898013	1.2917990959588553e-12	0.5538621246618307	2.0441342540378577e-06	4.2393042389605754e-05	0.0009249063908149499
chr11	15941632	15941632	Hypo	-7.969987684086908	-11.091054690635492	-1.6660509259576628	-9.069725641657852	-8.240911810714774	-7.130913452758194	0.0011773150279477547	8.632451679425854e-11	0.1543100000084516	4.426403523659074e-07	4.997286064080548e-06	0.0001013390045291
chr11	15941650	15941650	Hypo	-7.87629499304065	-11.339829118002507	-2.683826183394711	-8.701278927425044	-7.945655583782174	-7.255081334400609	0.0009048874150945691	6.119105237672491e-12	0.1145299561897436	1.2714785760729946e-06	1.1044786988068845e-05	9.984387903131921e-05
chr11	18171995	18171995	Hyper	17.564563452377833	2.854268314386033	27.685564630335	15.470780413031914	17.60014264249253	19.908118020916824	0.008759481326760198	4.683206165908203e-06	0.7145709909119773	0.000459011578611	0.00171010566368965	0.006348777945294676
chr11	45651196	45651196	Hypo	-22.966879240507346	-33.521065419081594	-6.000242034596049	-26.157319095626587	-23.41915919953408	-20.11954500303215	0.006302925453022681	6.660190170586372e-08	0.6894342639602409	4.461058900166515e-05	0.0002708662321196	0.00175979533249115
chr11	45652620	45652620	Hypo	-22.55283533356801	-34.92066480927913	-3.535240809710505	-26.125481401087576	-22.91123646450783	-19.270261655842745	0.008940626108977992	1.4428466050377624e-08	0.8682507657766423	0.00013596935444144998	0.0008675321887501499	0.00430061202894655
chr11	45927384	45927384	Hyper	9.025586224459826	1.4008192071540582	12.948847042228785	7.379295595187814	9.774936512548393	10.531691945420794	0.002015563002253484	1.140226868671835e-13	0.3966908965527952	2.3069341968106498e-09	6.429673706146305e-08	1.7844144125135804e-05
chr11	65791281	65791281	Hyper	17.57873608366593	6.646555785059249	23.75977630747439	16.058976750953892	17.71885455503824	19.116489282191658	0.010883215109035976	3.7646254166091126e-10	0.7333789533563837	4.65032918496915e-05	0.00036068410200584995	0.002505655489415425
chr11	65791525	65791525	Hyper	17.640438364417992	5.833690742981224	24.0735934530364	15.899786739267991	18.15805861213969	19.847148035234923	0.012497915621909602	7.311141602009469e-12	0.6460492261216259	2.4046121308287578e-06	4.321860245306044e-05	0.0015389029036458248
chr11	67407390	67407390	Hyper	7.454100082442474	3.158088233018008	11.383684701484151	6.65746739073883	7.484383183481569	8.299114011793064	0.011543193490196458	1.3869164660730308e-10	0.3889292728444364	2.2957762522144446e-05	0.00024432479291099996	0.004187162910071825
chr11	68037913	68037913	Hyper	23.339255936338294	-9.054850126836063	45.61820260235317	16.96441783417809	25.521392078108498	30.378658588586454	0.025116811306428684	2.2686362575778946e-13	0.9943399102056364	5.018705069599522e-07	9.051851726333825e-06	0.001475883370783725
chr11	71476578	71476578	Hyper	7.569093700419581	3.894759590940333	10.48175230338435	6.908676558783458	7.622788557390542	8.27100829661028	0.0025324821826107633	1.0392881852955063e-09	0.2328015651240732	3.2182780702150604e-06	3.276147788611305e-05	0.000509020244839075
chr11	71477216	71477216	Hyper	8.346427176300276	4.521698599120471	12.205542556599712	7.492122342328755	8.285303800165416	9.267028444767314	0.016206006548410506	1.25978142658971e-10	0.3968677064469612	0.000137577331986275	0.0022000503973106	0.009923454626393526
chr11	72822715	72822715	Hyper	7.171011132791376	1.5201078229373777	10.799048594287251	6.30366158050864	7.318068391905857	8.179968027607988	0.005038846658244548	2.6754272101738754e-14	0.3810337824112803	2.602785872382818e-07	9.107023374715364e-06	0.000287331690691275
chr11	77128083	77128083	Hypo	-8.507483250858305	-13.666958870752357	-0.9196284786644748	-9.644679374735706	-8.656693524893955	-7.39043247933291	0.012047477108991766	4.287459729894661e-07	0.9333681850691598	0.000121331145220175	0.0007007783809636499	0.004495242675306524
chr11	88338694	88338694	Hypo	-7.639888986906705	-11.61223219729779	-0.4583087626634591	-8.950574996644374	-7.632937209799964	-6.585874727478348	0.015666283597935343	2.38778496247614e-13	0.7721155756269408	8.829920683871123e-06	0.00016695263748495	0.003530895006917625
chr11	94401840	94401840	Hyper	7.133055333250264	2.710639866895143	10.251501946424192	6.407638799964668	7.278000929062708	7.9593926029028355	0.0027884225914716594	7.88272240946969e-10	0.1883577476292212	7.911032864179474e-06	4.80559284369074e-05	0.0004540000336308
chr11	94401850	94401850	Hyper	8.668534835325273	0.9166700720328992	13.3934826891763	7.422280975261362	9.021230412337658	10.104762959985793	0.011601587480335627	5.580738219376735e-11	0.5858798620808024	1.2141261719359725e-05	0.0001087753310737	0.001747745227679775
chr11	102808169	102808169	Hyper	7.034937805582111	4.266660266567507	9.470472180702313	6.548704476036594	7.0563693116405	7.58655600841101	0.0011950867939081581	7.247072204235721e-09	0.0881895664970396	1.6056659402321178e-05	0.0001242913340289	0.000609361983818175
chr11	116414556	116414556	Hypo	-7.135194276270311	-9.62363388472136	-1.8277911745270488	-7.932413249057835	-7.313785991548488	-6.489756505612485	0.002635787577815892	1.463055086085287e-14	0.5592661747930722	3.423278436439784e-08	1.169205227656723e-06	5.431898220222953e-05
chr11	119423567	119423567	Hyper	8.56161033774015	0.2926388522493384	13.420565170974005	7.442044085278915	8.902029695461074	10.004103472950264	0.015278855726864613	1.3527900144291585e-19	0.9545930158216336	6.069930544244863e-08	4.1317452083145265e-06	0.00024058163217295002
chr11	122618765	122618765	Hypo	-14.72290257746161	-23.40770991978416	4.265292954688427	-17.628695200934708	-15.519808310421125	-12.530652670609582	0.019109940780183406	1.3595193404756795e-11	0.9757342170191888	1.2233665874156116e-06	3.295275780632567e-05	0.0010981859377566
chr11	125609467	125609467	Hyper	22.069997023991448	1.0136520158401052	33.02657727431993	19.679940339628534	22.486036344246124	25.093111468115005	0.009846077930609065	2.3214990592025886e-09	0.927873188510925	6.6947878411316316e-06	9.046877426690505e-05	0.0017657536962827
chr11	133077337	133077337	Hyper	11.429711740076185	5.271984562558718	15.64147806550984	10.453582326277981	11.60026894764325	12.587166841831063	0.002364992613543563	1.5274237664497504e-15	0.23861534300814	6.391288566676055e-07	1.9248329780592363e-05	0.000613640630133375
chr12	1350578	1350578	Hyper	10.530769825697446	2.9785833431475672	15.302594080838716	9.400731124832415	10.717890730806097	11.759971546924264	0.009614108660298147	1.1677721351095971e-08	0.5491289070324369	0.000153186486224725	0.00076559833019635	0.00475764844102015
chr12	1629126	1629126	Hyper	8.927408355751043	1.7443643738560666	13.662244417071957	6.3138170659996495	9.960706584540091	10.735248082404315	0.005317754610500527	3.9322558336598426e-14	0.7368983708559916	2.8720873196058014e-07	4.3964162026478464e-06	0.0004887427841571
chr12	1922339	1922339	Hyper	6.908583712409036	2.986623680175815	10.574955736739422	6.109087664427529	6.908948272056759	7.692120943447003	0.008617701003340295	6.359751837632777e-10	0.5050646210532221	5.5896122569971914e-05	0.00040619224995115	0.0031707849292618748
chr12	12926708	12926708	Hyper	11.070414120899361	5.632447447640598	15.185852045573943	10.174721599508683	11.208920295062885	12.001502572385778	0.0009785947764832837	7.545118499704212e-12	0.0419724236644618	3.517996933142949e-06	3.533216576415198e-05	0.000288569766418875
chr12	27245313	27245313	Hyper	9.162267399596733	1.5366087143669993	13.660027309814076	7.981946937241933	9.687503480661563	10.61565292249904	0.019694628793286352	1.0978329750884214e-10	0.6737800526309372	4.9354039293016786e-05	0.00057401254292	0.007881990844468025
chr12	31893384	31893384	Hypo	-28.865735063270208	-46.53630185756719	-0.6414253279630411	-34.91161148720544	-31.412004329745315	-21.94167233330997	0.025549476458813117	3.4563340243433025e-13	0.9650235740117096	1.628804821843918e-06	2.884633317642828e-05	0.002391163481281
chr12	32108404	32108404	Hypo	-7.749962639402832	-11.44864253734349	-1.6074861364173243	-9.097063475651703	-8.10923494243978	-6.543232697627019	0.006391679405310037	8.91040779812016e-13	0.6731888188413727	1.025024615886177e-07	1.7392325871480622e-06	0.00048230052033215005
chr12	106022437	106022437	Hyper	6.7144666242487165	3.515477922203647	9.965680663016895	5.926903815319237	6.583180083931606	7.475466065442113	3.4471373594857527e-05	1.5692256927337164e-16	0.0014705308894579	8.709296718604186e-08	1.8112167458021997e-06	1.8101339483397528e-05
chr12	107775813	107775813	Hypo	-6.616389817729363	-8.941459782298844	-2.154013176438113	-7.215492517655089	-6.698746232707075	-6.134919724348019	0.0012707022586928728	4.2476649025155566e-14	0.4370800889229269	7.485612829367967e-08	1.710442504502528e-06	2.7769991711531005e-05
chr12	114734793	114734793	Hypo	-8.852460096497225	-11.859390032306354	-3.4218760250705635	-9.701494263383326	-8.99205875999856	-8.117710895491964	0.0020866786722222295	4.0210643168543424e-14	0.3112825732579018	1.5282971242193346e-07	3.049500008005572e-06	0.0001012206121497
chr12	116511123	116511123	Hyper	7.793728087838521	2.414591043572001	11.606520822020984	7.020294564400598	7.9035169776724095	8.703450003645262	0.00900068913860684	6.841007839663068e-12	0.3548143685737489	4.792664889728869e-05	0.00044457913978939996	0.0048227662083818
chr12	120642282	120642282	Hyper	7.3147302311948605	1.1246054128744798	11.265333362788542	6.272168095999703	7.4154434116343815	8.405443823818082	0.0036914239433069023	1.5751319486909903e-09	0.3980714924477974	8.462643063108573e-06	6.382546385539601e-05	0.00130391278062655
chr12	124217764	124217764	Hyper	6.363598287620787	2.3364181446223986	8.405125746827391	5.891337767182971	6.438284926191973	6.9603929458263245	0.0021047661527164624	1.7806089787537675e-10	0.6321767848500687	2.1523900782087285e-06	3.304198478446565e-05	0.00031094877536965
chr12	124391963	124391963	Hypo	-10.992708810600558	-17.056870318050127	-2.1414127219647194	-12.684505774536241	-11.271363558280385	-9.590088764404962	0.0127505158356865	2.2141682040922858e-10	0.5792329671342615	3.1068071288449774e-05	0.00028594073712665	0.0032233422332175
chr12	130473821	130473821	Hyper	13.119865586199838	6.097755614617006	20.08774702274081	11.790410844421924	13.185162030349707	14.629902906886784	0.015135186391223587	6.7493847192697e-09	0.428371126137874	0.000558040943254625	0.0028463538611636	0.01127047208905645
chr12	130634016	130634016	Hypo	-11.358670709521604	-18.591113233108523	0.293534720594879	-13.717243254251187	-12.119848834058185	-9.087565873463324	0.021242558699630123	4.576369253930209e-09	0.9957447069158584	1.2883143340671322e-05	9.431236477126587e-05	0.002632580138087475
chr12	130634081	130634081	Hypo	-8.302156671770732	-12.232475868734092	-2.925475944540537	-9.384615022833465	-8.52139975379745	-7.388398669385072	0.008650250125478985	1.5499919341933593e-08	0.5119873559329036	3.430559708723564e-05	0.00029442701312375	0.002692387915025175
chr12	132386028	132386028	Hyper	10.405100448082328	3.58794996468772	15.389622324160158	8.217222929808546	11.195300859144325	12.201440885219844	0.0034677080271565083	2.4304157464954616e-17	0.3005501551981042	6.093815075031289e-09	3.884372811691282e-07	0.0001205305072955
chr13	25170416	25170416	Hypo	-7.5398879493707005	-11.36668503443134	-2.126738653159544	-8.52933429643432	-7.676785317006546	-6.707064300315474	0.01642874319190455	1.2781733850438799e-09	0.8079362522205924	1.957907667985907e-05	0.00021925100699615	0.003014611780294875
chr13	26046638	26046638	Hypo	-20.292332263829636	-31.16144082679508	7.7191629081884034	-24.237260306391526	-20.993088434850144	-17.417572671860587	0.025679793805352347	1.4216279426031418e-07	0.9900318888850734	0.000194478984057125	0.00110520385489865	0.0067303716405628005
chr13	36918993	36918993	Hypo	-7.906926619926039	-10.957411047934048	-1.3018269267778382	-8.943418689214282	-8.085959878591538	-7.024694214602709	0.005532192229159545	1.1618631291460473e-11	0.5224845631057549	2.916749595527672e-07	1.2788080274311541e-05	0.0006366138049384499
chr13	50389415	50389415	Hypo	-14.542863331813983	-22.067463101701836	-0.1286292234677244	-16.641310411064925	-15.016685869312813	-12.84082523440272	0.008650825305072692	2.0997422675085266e-16	0.6259929521612991	5.151162314509841e-07	1.148975287187589e-05	0.0008230705250964751
chr13	78659432	78659432	Hypo	-8.402774608074207	-13.647650809967358	-2.6669748287343227	-9.458060838697563	-8.46489406336075	-7.417273537897108	0.01459778987194127	6.371146316078441e-07	0.4784242659850359	0.00055646416504685	0.00254920024752705	0.009144492784506825
chr13	78660116	78660116	Hypo	-8.634644620245751	-12.535780268720115	-3.762805183030424	-9.53920196411443	-8.697781150837752	-7.749723195503589	0.012035583309834754	4.358610568228662e-08	0.6389080981133373	0.00018634036397715	0.00134021505522855	0.0062458984147031
chr13	78660183	78660183	Hypo	-10.571277463921414	-18.243090750963272	-3.8277182271871766	-12.067665311565914	-10.474039135745926	-9.093574484547402	0.014528417338068639	7.417099342129547e-08	0.5983009432787652	0.0011315030866460248	0.00401844250605915	0.012587155574976801
chr13	98449135	98449135	Hypo	-19.35054712099469	-29.737517321381247	3.973751832937422	-23.445179233875006	-20.7698781125352	-16.138830192054527	0.02271715456901481	1.124874505570062e-17	0.99416899794813	1.0620309389931355e-08	1.0303787273636843e-06	0.000487678265075725
chr13	99972635	99972635	Hypo	-11.383829499794823	-16.945440646661954	-2.423997331041836	-12.920454802208454	-11.580683035223831	-10.156756686634415	0.009955480106299435	3.2204187306223106e-11	0.4626579766381032	3.199358034518209e-05	0.00047911168550965	0.004096255815893725
chr13	112076215	112076215	Hyper	8.104059348662398	3.560050291817418	11.23093207698882	7.414742240203397	8.280300094617909	9.025307286023004	0.004476610821161793	1.1584564097052731e-10	0.209129543678552	3.222105880249523e-06	4.1567158881859855e-05	0.00066421553229005
chr13	113333124	113333124	Hyper	8.99642749715969	3.3592660551785114	13.763291297646784	8.06496606732899	9.193658991459763	10.016180507635363	0.013791161744460748	9.83276733512476e-09	0.5031050794644363	0.0003038955765839	0.0015370047018646	0.010747622956005825
chr14	20617841	20617841	Hyper	11.306622387233089	4.232606541710204	14.573926584521256	10.393014253783573	11.672712645784657	12.518084646582796	0.001835626295112013	6.942705606758259e-13	0.2684093323785635	5.885656024949623e-08	1.1926276614612337e-06	7.655098939826715e-05
chr14	20617846	20617846	Hyper	10.735454193137754	2.728600052211849	14.523459600971966	9.05890066836404	11.498561103826717	12.283331188589937	0.0028539218946740537	1.7440192412064617e-12	0.4690175470754166	7.579144875263155e-08	1.6282750382185997e-06	0.000128256572122925
chr14	58716855	58716855	Hypo	-20.5863578125192	-30.207798372837537	-2.1488423433606685	-23.799706900047184	-21.397822589028337	-18.17929019393063	0.00939854673984464	1.4141214945148423e-11	0.9003799687842574	1.912410411627627e-06	2.9138156488611882e-05	0.0006616338133525001
chr14	58716878	58716878	Hypo	-8.356146560634388	-13.465126046770417	-0.8487932855332447	-9.896928096491765	-8.727715574172993	-7.140220356139107	0.009066511172664445	1.4113368632438331e-14	0.5812378244752164	7.468808487951135e-08	3.7657561902168634e-06	0.00052174973865695
chr14	61406976	61406976	Hypo	-12.889681281288125	-16.860280566482647	-7.120711778119827	-14.1263486953942	-12.9287067455056	-11.851960949587458	0.0011006902292351173	1.2637924602336556e-08	0.1030704871039272	1.497311154970142e-05	8.298344430688351e-05	0.00046142580221535004
chr14	70223744	70223744	Hyper	10.818985697215165	0.7144847122909193	16.31157066829544	9.435187180836744	11.276719893218175	12.624142776242323	0.01968151605400086	4.746244662322515e-08	0.9186138619147894	0.000138143365987875	0.00098475071907265	0.007277253897027451
chr14	70223764	70223764	Hyper	12.009995862469554	-0.740059308042984	19.111160487142065	9.93644727530386	12.967884188671198	14.491343410260813	0.02188943117973015	7.333825281482265e-09	0.943984354640038	4.056797810108007e-05	0.00034538057032024996	0.004503369771254725
chr14	70555948	70555948	Hyper	11.439232050511873	-0.4724511597336611	17.02488627337882	7.729805051200931	12.951604443335935	14.067887361756767	0.005405113155314646	4.276760691286866e-13	0.7335010713510469	2.1713211462166411e-07	7.483406704560472e-06	0.0007100319443622499
chr14	70556040	70556040	Hyper	10.293679155576436	1.3743271651391775	14.91566052578066	7.673735038585578	11.403845788556774	12.418149663171029	0.007792061068932951	3.013316129426103e-11	0.671031874750412	6.459428271824295e-07	1.6094202019047072e-05	0.002064693366817925
chr14	71110762	71110762	Hyper	18.420406241921242	2.4351138638257663	24.906237985351154	16.7995529977581	18.722160115895484	20.393293018375694	0.007120210586402262	4.751003817262188e-09	0.8674342545894478	1.7317794197666518e-05	0.0001173501728848	0.001267957008297825
chr14	94062736	94062736	Hypo	-18.115790826012887	-30.408412330984508	-5.456444445474773	-20.604135626334287	-18.18774020689515	-15.862694675335412	0.009424631801610715	9.651377380886153e-07	0.6394220247463994	0.0005071884128388751	0.0019874810865442	0.006939953873484225
chr14	105862948	105862948	Hypo	-7.4711206588740895	-10.692044287237174	-2.1405100157059485	-8.537686454759731	-7.695240336227663	-6.646460095908358	0.007064657429654778	5.548862292764222e-13	0.4329798224173978	2.5163153494991743e-06	5.905591394682742e-05	0.0012381407818423
chr14	105863516	105863516	Hypo	-9.08679002669557	-14.171351924344538	-0.3709987492004019	-10.650708389899396	-9.430776726313463	-7.95504285052319	0.02565713453196599	9.5321245544806e-15	0.975108363607225	5.197903945359249e-06	0.0001410552944437	0.004274847927182425
chr14	105863560	105863560	Hypo	-8.007062774841737	-11.840306817567791	-1.5682991199462926	-9.27109548221669	-8.35317871270091	-6.8815917231677135	0.013125928344546378	2.5941262144440868e-11	0.9566982640127528	1.4463357704644268e-05	0.0001931461420394	0.003226877046403
chr14	105863571	105863571	Hypo	-8.706447626747682	-12.560482556768626	-1.818860682613399	-9.949585427614025	-8.888994259033055	-7.625715463599231	0.006019917802826969	8.345314400957467e-11	0.4931106243274538	7.217596548377072e-06	0.0001053819007366	0.001552188784091275
chr14	105863646	105863646	Hypo	-7.755710607674017	-11.658835229226089	-1.9606421450313491	-9.048123530730948	-8.06254096388044	-6.645543077264341	0.017539687909048026	4.380788812373246e-11	0.6947236184407893	4.0328853917569695e-05	0.00050619093194155	0.0068762046230629245
chr15	39587316	39587316	Hypo	-18.587254848888	-34.997640465891145	-3.0181115516053403	-21.599931737655936	-18.965891441417128	-15.467538175199753	0.017677214447827487	6.248197798403536e-08	0.6980203271263753	0.000137570010362375	0.00111771658888955	0.00858471912190015
chr15	51077665	51077665	Hyper	7.617436872604482	1.1008434249092092	13.769422309444376	6.628412359291983	7.6327556391943965	8.639327571001173	0.0031295148799320265	3.3121776720507703e-10	0.269345377235249	0.00011078773092507499	0.0006547226630376	0.002666084994692525
chr16	304287	304287	Hyper	9.147223445032383	3.825704155191956	13.589478453610315	8.119343302700829	9.286213929673604	10.300325117095268	0.015687733670652782	6.108626377168641e-08	0.3255391671820243	0.00033791051493209997	0.0022294690710341998	0.01070535093498425
chr16	734765	734765	Hyper	30.043345342325328	-2.1033887543848744	43.4502119053732	20.896242398632143	34.45698379303393	36.88124612483898	0.022809930667365273	1.576758227629354e-09	0.950458187110624	4.094635801844428e-06	4.311591346873181e-05	0.0063789970931253746
chr16	922587	922587	Hypo	-20.03197957259264	-32.21261253689067	-2.132180062807154	-23.492748158636473	-21.09672213517802	-16.73197517183919	0.005025977624464155	2.2207737894503892e-11	0.5520358566723271	2.3444698368941284e-06	3.0800333110828665e-05	0.00058416038252055
chr16	962568	962568	Hypo	-20.784418571540503	-33.22042265315403	0.6676853184295228	-24.218250788730856	-21.783463898876917	-17.60314144626705	0.013694110376224934	1.7092638034868938e-10	0.9689915563036162	8.108255298824795e-05	0.00059862019745245	0.005238261638031075
chr16	6375679	6375679	Hyper	6.868099988735792	-0.4331512755790023	10.014276293649688	6.171529848475996	7.035233871985033	7.753934223797708	0.005985309966268	2.6327052292446433e-10	0.8743367444731982	4.353021028733598e-06	5.920434120606493e-05	0.0011880565320729001
chr16	49278023	49278023	Hyper	7.78596608879129	-1.6540297887755406	11.499002939654693	6.97361980359033	7.932192422416044	8.823938370613279	0.0052340923972813815	2.116748396316392e-14	0.8963904689041994	2.800184434492094e-06	4.057334853318479e-05	0.0003942538233491
chr16	53373703	53373703	Hyper	14.670025121730955	-0.5835694232742661	23.185045198920744	7.955356063189186	17.485282786352045	18.70971005589085	0.01604261882443502	1.439201102373031e-15	0.9652007686438752	2.3689187175544436e-08	1.0280838175636123e-06	0.0014272804508778
chr16	66429021	66429021	Hyper	9.689101721635451	0.0954168166880431	14.129524889517592	7.596886852405213	10.708263770224438	11.637116559086522	0.013151517007306988	8.617393147591788e-16	0.8841384484084045	8.806401375659941e-09	3.1298043982268953e-07	0.0008236504305309501
chr16	67661640	67661640	Hypo	-9.833527435486433	-13.185906026643812	-2.762686460087038	-10.864921062980253	-10.018728161725768	-9.033321573119997	0.00429241703966343	1.1944582058582214e-14	0.9386536197115964	5.023171012983472e-08	1.2318628685423886e-06	6.223628528283379e-05
chr16	75252111	75252111	Hyper	6.995380643855631	2.151778829968904	10.685143484856653	6.083670078400674	7.042090510925355	7.967669925877077	0.005249737969775167	1.669418084813463e-07	0.2940961653645875	0.000239050129793325	0.0009576818760791	0.0035966910989414
chr16	82329245	82329245	Hyper	6.64614109387524	2.7156811708728466	9.423556903340202	6.034044455144628	6.731714177876707	7.362594525917027	0.0038566839517322434	3.638953600414016e-10	0.4056839097494712	6.961079913746964e-06	7.633622450683127e-05	0.001230107010478675
chr16	83246822	83246822	Hyper	7.934286610743825	2.1123517238986533	10.85466364977875	7.18264274436689	8.223939862612468	8.922435443260307	0.002425533477236563	2.0102858512030296e-16	0.3101582471547788	7.360423334550095e-08	2.1477203857228413e-06	0.000116552781477075
chr16	88200443	88200443	Hyper	7.200682715003865	1.7607062910361737	9.792240712677511	6.617727371208123	7.3550550050732575	8.137775997896657	0.002763003187177299	2.6134781497366413e-13	0.2554254032229164	3.860531207759491e-08	8.944525798363675e-07	0.00013075671016715
chr16	89822278	89822278	Hyper	8.075753467322375	0.4062324341218226	12.814152396976596	6.922001886880425	8.163027590256938	9.287145318654936	0.010833076406071437	7.416235156478635e-08	0.4749950472341548	0.000349275624269975	0.00232456595139745	0.009212553729522725
chr17	8163379	8163379	Hyper	7.927205714516516	0.4535271231032645	11.94214305783847	6.86157318859333	8.254785361953576	9.254985550262866	0.002564896818730029	5.446977653230698e-13	0.3582438401881609	2.7931494423441783e-06	2.9224188880067904e-05	0.00027528072547744996
chr17	35741099	35741099	Hyper	7.135787838194601	0.7298365456147038	10.3971603121345	6.419599836355902	7.385554662850041	8.092224342731289	0.00218085303976988	1.3020246399155049e-15	0.6728214097760976	6.75862718751715e-08	1.3195337475020362e-06	3.7537078393017165e-05
chr17	40719056	40719056	Hyper	17.460163513999266	1.886316359671114	25.890683706951023	15.618807667091025	17.973137189321683	19.803013622767565	0.018268119929569393	3.394358535535358e-08	0.8295873377049504	5.226555297081634e-05	0.00049602897538385	0.006028182175372401
chr17	40938056	40938056	Hypo	-24.446877221580653	-34.055711221935944	-5.725753593227645	-27.31877678513655	-25.163242339312383	-22.145477803677334	0.0016894072495875398	6.623989544461953e-15	0.3742933361762371	1.3934439706580466e-07	3.414615698740871e-06	7.626302541833955e-05
chr17	42023858	42023858	Hyper	8.487324466219215	2.8594872524724426	12.962727520393331	7.464527992041159	8.76095799202688	9.696486918708093	0.017372158324195995	1.7999466227438723e-09	0.7393957083136468	0.00028937584034585	0.00181691598670005	0.00961062830608075
chr17	42781280	42781280	Hypo	-6.844126036142464	-10.19910748833831	0.7023076529085015	-7.725758413118083	-6.904331255669149	-6.108890383762322	0.01531822879509121	1.5059918286407774e-09	0.9912490563051763	6.522238894229668e-05	0.00045030412353175	0.003435780521260675
chr17	47852667	47852667	Hypo	-6.94897855239395	-10.23939220732306	-3.354543192395487	-7.667633391471397	-6.944032400679928	-6.278782980674177	0.0035250490892769406	5.324008484387452e-10	0.363773058332147	1.089200950867006e-05	7.7058503090959e-05	0.00054366042958595
chr17	48604188	48604188	Hyper	11.802797091674886	0.9516973103343264	17.054563652569023	10.14574869475767	12.746452828735478	13.84130415149571	0.004830106096518289	4.584533889379721e-16	0.6583135466614586	1.0989933278345353e-08	5.507347096685416e-07	9.264125344402553e-05
chr17	48604230	48604230	Hyper	11.098508193275046	1.2674701714210757	16.925041321020316	9.30059904122157	12.043046581261816	13.167010534889492	0.012747162648487314	2.925671256320273e-15	0.868967380689665	2.6561618994190695e-07	1.0181914111113158e-05	0.00090965704181275
chr17	48604273	48604273	Hyper	9.953885438123569	0.2431458670463238	15.008653034760645	8.515241832443577	10.749010398970515	11.831163964290024	0.014847143996909522	4.714767748503071e-12	0.9613319586151868	1.5176592983319048e-06	3.1976343358953676e-05	0.0013586172447135
chr17	48631508	48631508	Hypo	-7.948191690411107	-11.531460888973266	-1.723047766817265	-9.154783280702155	-8.338417101114242	-6.838989563179523	0.0033002656027832	5.668622278197349e-13	0.7441673555753283	5.663533054387572e-08	7.390450957950603e-07	0.000222464544097575
chr17	60082670	60082670	Hypo	-6.383821488697189	-8.57450952475261	-2.204492711792572	-7.086824262077755	-6.478223016644078	-5.807506499541654	0.0042505077242110155	1.4454117322461882e-08	0.4411211367909711	1.1476801247252906e-05	8.402731838572883e-05	0.00060817964667985
chr17	73785937	73785937	Hypo	-8.04199522466562	-12.396004206000184	-1.1052344383548296	-9.321753284745768	-8.5823065250683	-6.817342241802248	0.013366380547554185	6.052869251085335e-10	0.6046375536124001	3.473390140497693e-05	0.0002954900415319	0.004843814473869374
chr17	76917365	76917365	Hyper	10.20277428245873	4.893211547836451	15.789392197238495	9.112084895922703	10.216612437074279	11.222677903523149	0.009720521177987522	1.7738338661770573e-07	0.4498667132737297	0.000455554492837975	0.0018860282445300998	0.00773045433313285
chr17	79152844	79152844	Hyper	8.183326753745575	-1.2822507666741312	11.69194269577844	7.318047641931826	8.435806107378514	9.344901129251282	0.012162054238904662	5.341789195941979e-09	0.9676665401331698	2.0408149597921556e-05	0.00016765700584715	0.0012628589735757
chr17	79152847	79152847	Hyper	8.886383901518522	-1.7493107855567902	12.82782990502691	7.697700604400193	9.450509564369735	10.584048653191493	0.0218941324420901	3.5516218516320403e-10	0.9853570084659784	4.957710975412096e-06	9.30649740374881e-05	0.003387725329952925
chr17	80751580	80751580	Hypo	-15.736725530551865	-25.073510862577187	-0.9741765195944828	-18.28162783382914	-16.437979418491377	-13.501752856000168	0.015449500810934045	9.011936565755938e-08	0.6406141491074424	0.000314120549771975	0.0017941189290517	0.010936322749796225
chr17	80751670	80751670	Hypo	-16.92145739522018	-24.987558425614345	-3.684665450513902	-19.446399626255367	-17.478251409845498	-14.77962602383827	0.009334732869975848	6.358553281946013e-09	0.3974166452821426	6.300847640802015e-05	0.0006981405612955501	0.005750171690255875
chr17	83065597	83065597	Hyper	7.164414270319035	2.94201631695592	9.864045973268231	6.486978100885851	7.2185856937413755	7.923025113415925	0.008713424886709115	1.4232708797086917e-12	0.3272829244019878	7.725745499516617e-05	0.0007647092126842	0.004885800084634975
chr18	3771110	3771110	Hypo	-9.162596786272113	-13.158702833971958	-2.520716171121196	-10.15740398517258	-9.277558815102045	-8.355516380251022	0.0046454416132723645	1.1757109001929032e-09	0.6722528476555953	8.23262491378469e-06	6.109499116597047e-05	0.000490097093187325
chr18	8662628	8662628	Hyper	7.0213674816206675	1.5967196036195563	10.858882550724148	6.287942226471468	7.049948746368095	7.8397217982020235	0.005792732123712099	1.985057623097168e-12	0.6063958265740245	6.972616339282502e-06	0.0002759761054839	0.002190026217399
chr18	11909452	11909452	Hypo	-8.436933471128624	-12.518327642842705	-1.3709267715184048	-9.607290725032163	-8.659593191271359	-7.553995365464368	0.006411619561067695	5.890694705043049e-14	0.5475814016577739	5.278434415959791e-07	9.593672310259172e-06	0.00098375776463105
chr18	14748472	14748472	Hypo	-8.431076283971324	-12.239791482188384	-1.3521700713131024	-9.60529948026492	-8.597255329168199	-7.4411181429698265	0.021283600263950233	1.669482062162566e-13	0.9462733981528304	4.885520525235947e-06	0.00011820692310225001	0.0029045150179088748
chr18	31760889	31760889	Hyper	11.343150632820295	3.1259669652839883	15.89438986729146	10.012863686361094	11.636743110318365	12.911846938519307	0.02041242717534496	8.29517080576121e-12	0.8309578103784417	0.000132916915644675	0.0016575193092877	0.01015170705121605
chr18	31760939	31760939	Hyper	6.456417635827131	2.4463108538142486	8.560548788208122	5.940726126293081	6.604870817584463	7.102965591644003	0.00011639312112467565	1.7799285140605523e-14	0.0276947347547092	6.112861657259709e-09	1.4767971359202981e-07	4.3274365716400885e-06
chr18	79548433	79548433	Hyper	9.0105406040933	4.63283789882386	13.532885356243918	8.15458056939449	9.075964362152888	9.842569675044485	0.0073747700912166906	1.61962785015531e-08	0.3538168799875536	0.00034463558250154996	0.00130541247912255	0.0050638382747755
chr19	345491	345491	Hyper	12.183710386263341	3.39882769703641	16.61485476975313	10.225463318263527	12.911470968367599	13.926542036598729	5.903263999508404e-05	7.978019678537251e-23	0.0180551646515175	5.919234942612564e-13	1.0658316299966582e-10	7.031348668757102e-08
chr19	611246	611246	Hyper	9.89582027909153	3.1198391737554787	13.245500525520692	8.997388919761027	10.132973003411946	11.015001045112976	0.0017985370585842126	1.3920289463829586e-15	0.4338487742056378	8.995449115399578e-09	4.075195932978322e-07	4.893647514796812e-05
chr19	1039445	1039445	Hyper	14.175522326868235	4.138996752352456	21.417222768288923	12.734619227033985	14.392620142319469	15.766824141730932	0.005398211313154603	5.290368428966651e-13	0.5547677581678297	1.0976652044455916e-05	0.00013207075047835	0.001387824664284875
chr19	1265858	1265858	Hypo	-7.371390552820796	-10.645076359567511	-1.697590629564516	-8.077351732002803	-7.4116073661592035	-6.753933503888211	0.0010420768864416274	2.225311974419665e-11	0.4702349678054857	1.86241873392491e-07	1.8826193986430761e-06	2.1366778714770823e-05
chr19	36053922	36053922	Hypo	-8.280442153109975	-12.783430209782956	0.0531873612453159	-9.717634690033757	-8.59587590447645	-7.254107976590948	0.011770608827470672	8.409945427566731e-13	0.8754657707297873	2.0090842980710233e-06	3.089477230265318e-05	0.0008630498684864499
chr19	38500898	38500898	Hyper	8.24261048418914	-0.2058811715153652	12.407525540475604	7.370806173492281	8.517344177759227	9.382757975941894	0.02209884067175069	3.0611660006563334e-18	0.774886025367384	6.544559762369121e-07	1.95298401957364e-05	0.001145650288051225
chr19	42424274	42424274	Hyper	9.476142556456631	4.831115732298269	13.565057289217105	8.721958302077073	9.581928341493457	10.386663809998858	0.00010884618064498524	1.0164664074754329e-12	0.0506925114360538	2.2399170291786398e-07	1.375618433335762e-06	8.187987008601092e-06
chr19	42424292	42424292	Hyper	6.391410782692965	2.295780606002568	8.723719755767256	5.774940538327258	6.446837388999627	7.051735851711799	0.0005526066723970558	9.855539894559956e-11	0.0946819570768307	3.354286284055687e-06	1.9121475899555337e-05	8.320853850697245e-05
chr19	49684254	49684254	Hyper	7.997413240222562	2.94600402958628	11.403518554594228	7.03531546580222	8.358715672481644	9.077244086518256	0.0029029604991026884	1.4058893406952158e-16	0.2387807215890991	1.1975827535140704e-08	4.203401351992302e-07	0.00021736298541417498
chr19	49684276	49684276	Hyper	7.163791173233595	2.936369703003105	10.16431187654786	6.538384870744365	7.185126532381486	7.84090804924702	0.004682641433977906	3.074393196691497e-13	0.3575868049132759	4.448099445740045e-06	6.433249303699755e-05	0.0011785003880010001
chr19	53884181	53884181	Hyper	9.807003503450778	0.2445132004478489	14.973745783230086	7.855399134577754	10.693982731721736	11.764787902042332	0.01410218798740412	7.46655657035498e-18	0.9925089778586788	2.373809458714015e-08	1.4271271603162733e-06	0.00021569349616752502
chr2	3321994	3321994	Hyper	11.378716506324343	6.052701096738266	15.347409974555449	10.498609335895024	11.385884403095137	12.34638664442696	0.0018244561250983626	5.1205729393824655e-09	0.1006204671287473	5.279656646898354e-05	0.00022768914051475	0.001085320229891875
chr2	46150372	46150372	Hyper	11.656899623106108	4.949273110488328	15.848086295319307	10.773425335906332	11.810031684161299	12.737108345145762	0.013230225296335382	8.120295131744895e-09	0.554739362852054	0.000245775645929625	0.0014690359135202	0.008723015539862225
chr2	53537679	53537679	Hypo	-7.324074950680951	-10.25907727551972	-1.7876392788114592	-8.404447549522011	-7.7105821472828335	-6.298671107533153	0.0023371343921155174	2.3940057299999993e-14	0.307080229817639	8.350847669566015e-08	2.3142499531844525e-06	0.000161291074422575
chr2	65083542	65083542	Hyper	6.115315706886379	3.25105679020794	8.205410505870914	5.567233203659286	6.109187453382454	6.701071086805349	0.0017238612107707385	1.050227614372487e-08	0.0605479893522269	1.2687601845761559e-05	8.724158207650589e-05	0.0007598277659473999
chr2	66495370	66495370	Hypo	-8.878810351143446	-13.354797334928692	0.6865922196619856	-10.372753173644323	-9.355422514127454	-7.72075358724362	0.022793485659039957	5.0892668396218157e-17	0.8253787620954645	2.0473290229511337e-07	8.408103496553746e-06	0.001102772844360475
chr2	102177821	102177821	Hyper	22.650372264888126	6.874141342225637	30.913904901125036	19.889184831541925	23.54577044617978	25.519736972078945	0.0024408526988614274	4.950602801319037e-10	0.3500533813574597	1.955130706263267e-06	1.7861832269104854e-05	0.000288871454928625
chr2	106073174	106073174	Hyper	6.476812648538573	1.8260297494965936	9.700742013960795	5.758494445052776	6.552149765823733	7.254591415424475	0.009059574321768916	6.455679012227972e-08	0.4683345840737513	0.000210145449263075	0.00085685611486825	0.005153052578675375
chr2	106853261	106853261	Hyper	10.151237744911768	6.321695596977639	13.81875822456291	9.303243074909407	10.15620253510906	10.914475230360614	0.001391999769069552	5.287757328529903e-08	0.1407345120904858	4.4399719228415316e-05	0.000228589424986	0.0010381074397653749
chr2	112646867	112646867	Hypo	-6.537170581802889	-8.251759945110981	-2.4661928904493786	-7.229976970435864	-6.709436085459676	-6.0738458271772675	0.000451144286232604	7.395699837693451e-15	0.1797488674142228	2.3341533872143864e-09	8.220496184577664e-08	5.118043744366784e-06
chr2	123061689	123061689	Hyper	6.10256990014304	1.9277299623895128	8.550141571641834	5.6193865985231986	6.136554655234045	6.65678556368386	0.008223621916080724	1.8834915799497548e-11	0.4680262583474912	1.691669525626961e-05	0.000207308593596	0.0022259296536542997
chr2	156327978	156327978	Hypo	-7.059388085139621	-10.77075734313478	-1.407013890456699	-7.9398862343124605	-7.17958974415194	-6.359502274692368	0.010150454382090345	7.304508877936287e-13	0.7177544964228223	3.447966394302305e-06	4.1296366420162826e-05	0.0014247121332257749
chr2	158487179	158487179	Hyper	8.711545620091814	-0.376497033698131	12.226645181773945	7.746758178319898	8.881582658729524	9.922466028442752	0.01059830355946237	3.6548014700541518e-09	0.9646799047714256	1.9850220275534827e-05	0.00018153083980025002	0.0023438009774183
chr2	168455397	168455397	Hypo	-7.802981242819513	-11.68097581273394	1.2754260598984768	-8.932037358250808	-8.02976679533456	-6.899452246103277	0.007116612185608487	3.850508418598281e-11	0.7962319328088515	1.137809104561479e-06	1.8517100828301633e-05	0.00032965367586655
chr2	188293164	188293164	Hyper	6.781779196625774	0.1374043773373578	9.671157906512262	6.108025905500903	7.00303516971324	7.696358202597495	0.01028015628988616	8.182296717060518e-11	0.8617420481578102	1.1629975471988034e-05	0.0001221143205048	0.001289338731459
chr2	190994263	190994263	Hyper	8.439405905306277	2.125835405871346	12.621043170183787	7.535468396749828	8.503070302005284	9.39484925894993	0.01140414825270173	7.940797309305231e-07	0.4699158199748203	0.0005231273069514	0.0019941863103805	0.0090972349301952
chr2	229271695	229271695	Hypo	-9.525499506582015	-13.607331450668086	-1.2209436926557682	-10.877462908656778	-9.83650112345953	-8.483692344807025	0.00906850117638363	8.378184575700831e-12	0.6354212133919521	3.777713842961551e-07	7.400890961635972e-06	0.0007335681091445751
chr2	231661980	231661980	Hypo	-6.741780972040909	-8.618890013267666	-3.216148460660323	-7.223026283747865	-6.776192130086105	-6.2795390312145685	0.00132417738476508	1.9958746411408342e-14	0.3379010877621365	1.249125348063743e-07	3.4435825998436995e-06	7.423777178604314e-05
chr2	234994507	234994507	Hyper	9.568323056230701	0.1210442268221534	14.86038032237509	7.5693176557785025	10.367289431876202	11.303636023867426	0.022167213374895623	8.934005079862753e-16	0.999855971260128	6.092864299046016e-07	1.3336709644249492e-05	0.000659965544661225
chr2	235263697	235263697	Hyper	8.011107535128264	2.5573709479552957	11.828957911303274	7.073708175411491	8.297289005743941	9.069580263011286	0.01575855878262475	3.385756015576653e-17	0.4342855556037994	1.1800733844146598e-06	5.332578103923228e-05	0.002109642976983525
chr2	236570021	236570021	Hyper	7.489094642991871	0.0872546279436115	11.957503171453132	6.457881822336098	7.636560730800923	8.646674790143036	0.01487195035770145	9.23595546868908e-09	0.76243434750864	6.208407112029684e-05	0.0006949447644587501	0.006206072565421325
chr2	237265009	237265009	Hyper	7.209980716578786	3.760447750892992	10.188472020593965	6.504962351528674	7.245517077790426	7.915773730570313	0.013839032978237456	8.188177822218078e-07	0.3626799146730691	0.001177462222395025	0.00477753115234725	0.01399426404719015
chr2	239160696	239160696	Hyper	11.022299408540693	3.08424153623712	15.72217085523866	9.95717710802941	11.154070425868039	12.209547241055185	0.012451212201504433	1.7783032840315772e-08	0.9195694523455604	0.0003404890713207	0.00200435641940485	0.010150737765964275
chr2	239162696	239162696	Hyper	11.82068833535816	2.8523663473912664	16.513510322679046	10.718963889177008	11.963357503462163	12.95685594510486	0.00322854689497378	5.426146897540392e-11	0.7087161523511089	2.8786889876290784e-05	0.0002451854577509	0.0013191883718308
chr2	239283712	239283712	Hyper	8.59032925409629	1.762366113140934	12.82972180301889	7.500757770147116	9.108106176074442	9.965567499110788	0.006266842424381528	4.641235027532278e-15	0.2852946266167983	2.9346777802033544e-08	1.1220004472459272e-06	0.000352643273186475
chr2	240886522	240886522	Hyper	8.87084722738163	3.8575542715195033	14.010927484840774	7.784341773061007	8.811158158992027	9.984540086477109	0.013963314417802663	1.6389650767841706e-05	0.2930779868280753	0.0012439938385971749	0.00420308957009095	0.013786796465381475
chr20	17698755	17698755	Hypo	-7.7586820149415	-12.437973858839287	0.8321399952869235	-8.897885023592522	-7.913123878588919	-6.790869520319346	0.016416092497437508	4.991079642797074e-09	0.8193125732509264	0.00033035785068475	0.00184125666642025	0.009806677999249475
chr20	19211657	19211657	Hyper	6.262208341763435	3.1812795106435585	9.92728121019764	5.61839691735974	6.2204691294146075	6.863937750827729	0.000478365254205283	1.164127448435735e-09	0.0342637161936296	1.529043140936256e-05	6.416958515781008e-05	0.00026902854729645
chr20	24144510	24144510	Hyper	15.246340568486152	-2.40543439303249	23.010086618710435	13.557676490428614	15.819165687172466	17.600538667251755	0.017415167660148466	6.862389935354112e-08	0.8419087052674857	5.673410883188461e-05	0.00043518064908165	0.00366923828534265
chr20	46009908	46009908	Hypo	-11.322479771576086	-16.945605758846032	-1.7825844262426171	-13.866327806774297	-12.818638103770969	-7.479132116832526	0.008873471966187384	4.902625958316188e-16	0.7378553395682351	4.149274278142227e-08	1.805652888006162e-06	0.00133342292358665
chr20	52975194	52975194	Hypo	-7.778095274679452	-10.941029735460106	-1.888297788272608	-8.98499930399006	-8.063605422521526	-6.914868241211311	0.0025002561281502167	9.983710229978108e-17	0.4081336650018554	1.936067838515675e-09	5.9370238443287465e-08	5.225405764228409e-06
chr20	61934984	61934984	Hyper	13.13726766305674	1.1747494499663502	18.55983651318761	11.920472497887069	13.498617021651798	14.79782014052857	0.0111708383074108	4.531603857182189e-10	0.9988379566221128	9.24245029114193e-06	0.00010876954200395	0.00197825659039405
chr20	61936757	61936757	Hyper	7.091177378355505	0.1004299025058719	10.64532848077152	6.2854680369093305	7.131437596507457	7.99763769742338	0.007890061665841979	1.2806442166338438e-11	0.8658141433813107	9.695678332276476e-06	0.00012817381460304998	0.0014777916648995501
chr21	41679161	41679161	Hypo	-8.337483578919358	-13.735867864718932	-1.1074034821625445	-9.707080022525325	-8.388669119937926	-7.128139856903472	0.006850145436850602	2.2417253422651851e-10	0.9884055582588176	9.529669825564689e-06	8.491090793182792e-05	0.00091513857106105
chr21	42070144	42070144	Hypo	-23.765837484095506	-40.05238596484884	6.630201419013981	-28.76962109598408	-25.16984006903365	-19.68118001198625	0.027404903727957366	5.906026608467087e-11	0.9994380363200508	2.0859317288265958e-05	0.0002788601710386	0.00541471355152445
chr21	44866016	44866016	Hypo	-9.306534293094373	-13.991931570847216	0.1311531273183397	-10.765190754061187	-9.644820054141459	-8.267119897804768	0.01918271413868834	1.181394971886492e-10	0.9823941056464658	5.9795903478887535e-05	0.00075450190941895	0.0077969536516339
chr21	45072416	45072416	Hyper	9.913589249024826	4.362258561415755	13.720090800098738	9.037059732355695	10.042913033725267	10.935085259439736	0.008384485919862619	1.4550687708698422e-11	0.369881753719204	0.0001152157527823	0.0012593976017424998	0.006593082960297125
chr21	45285705	45285705	Hyper	11.11177323086029	6.693403879670212	14.82805441253533	10.414174030164284	11.148143123183058	11.964589162995734	0.0009688550958263762	1.2102160862399456e-10	0.0968086453559347	7.1578125920703624e-06	5.40917395936929e-05	0.00030299000614835
chr21	45976859	45976859	Hypo	-9.699883870703394	-14.653824814024375	-3.1326002352505986	-10.97341148561996	-9.913594326031516	-8.515240518922194	0.0012023740438618015	5.995193943128238e-14	0.0666491398361073	3.635669181701775e-08	1.052299246204666e-06	9.259335697079484e-05
chr22	19292478	19292478	Hypo	-8.28470240879864	-12.125747904208415	-0.3408116373733061	-9.258857391853212	-8.493705417203435	-7.448181064758291	0.015244746919206558	3.9665527012872805e-09	0.9085272099119792	6.364188283924451e-05	0.0005504214049724	0.004879989765315425
chr22	19292514	19292514	Hypo	-8.378908359027404	-12.451007876372987	-0.9568665171778568	-9.864327066337793	-8.70718921875362	-7.2367134679656475	0.00625692882314057	3.2771571695007144e-11	0.4720081626962654	1.044618730884345e-07	5.136186550655338e-06	0.000404449783470175
chr22	20395755	20395755	Hypo	-6.2897903489654325	-8.574221287523597	-1.304769525266547	-6.949482324317069	-6.416315044918589	-5.7231949728616005	0.00779524434308821	7.496299068102027e-13	0.8071627089764887	9.677487179024358e-06	0.00011140510775555	0.001400270246355725
chr22	22773693	22773693	Hyper	16.257921991949022	4.413359837597497	22.576560132974056	14.788150151509887	16.49543594560342	18.026119380911958	0.01696730345694695	1.8840047846254402e-08	0.7371831306893282	0.000240863470664075	0.0013552351033906	0.007049144993731975
chr22	37127111	37127111	Hyper	7.912896828228126	0.9093607736164412	11.452163030091922	6.636260580908926	8.516581378470029	9.22347923550271	0.010330676966581865	1.900530720251754e-14	0.9498515716511868	4.2106642148553907e-07	8.18710648611185e-06	0.00042584444797867497
chr22	38444360	38444360	Hyper	7.576789727417699	1.6371792416441822	11.149380084105776	6.526323458593739	8.070496600885443	8.759542647715547	0.013914438408761994	3.693295173163146e-13	0.8127278515954526	5.647486490507372e-07	1.7151922520993277e-05	0.002410689919502775
chr22	50577502	50577502	Hyper	12.237447189773535	2.2811628777279824	17.241254865144416	10.965160951410184	12.656333150868289	13.863161326734424	0.008887298644847445	1.5773607822073962e-10	0.7543476191507137	1.4008060875093209e-05	0.00015510707660245	0.0016983124603149
chr3	11245392	11245392	Hypo	-9.091825868376645	-13.56527032675726	-1.0388526595773109	-10.498935624346029	-9.397180980611278	-7.998525241290308	0.014176694758020312	1.7260945594532032e-10	0.8133038337952244	1.330349416315722e-05	0.00024757871514675	0.00432455788493035
chr3	15269506	15269506	Hypo	-7.284735412196565	-9.649994257343309	-3.328623886075266	-7.970589014701455	-7.396353340844616	-6.71135823796596	0.0003462915034991376	5.844367167472992e-15	0.1008720844642106	2.6151617898955096e-08	5.601639019904644e-07	8.636721144151554e-06
chr3	15269514	15269514	Hypo	-6.411275229439431	-8.875096240763508	-2.3372168021017217	-7.046450469974077	-6.521981073776098	-5.853311164480157	0.0026618893231633647	2.8956728154113065e-14	0.4071172578299425	1.1846064060348112e-06	2.0782879812423503e-05	0.00041582269168055
chr3	19934145	19934145	Hyper	9.40947516879072	1.316614819904233	13.2930699874528	8.384604055689175	9.74574988127221	10.952982928436139	0.007060863741223162	1.7958975221064287e-13	0.7355407307547821	1.0288158490650901e-07	3.969283123900049e-06	0.0004090365790264
chr3	19934246	19934246	Hyper	10.24930488354788	2.135020839206825	14.77509390256474	9.208923695691865	10.65103222889634	11.688466598387603	0.005990335916661333	5.398125991256402e-13	0.5500233635535223	5.175364602363685e-06	6.572825646043669e-05	0.0008343670715397001
chr3	42224142	42224142	Hyper	19.825676303088045	5.800936440179738	27.70441413714575	18.077999683267066	20.200289761025687	21.837230879161297	0.006134889279795946	1.7765250626798079e-10	0.53056233490209	1.4094257621544995e-05	0.0001087696277939	0.00119853552690325
chr3	52773754	52773754	Hyper	14.988191512797835	10.428451998640242	19.60834643543996	13.896914285967966	14.77546109065247	16.002205304724846	2.234409194384112e-06	1.0491264975742827e-20	0.0002387502769174	3.0871117073888204e-09	5.604589351223983e-08	4.5574627107280827e-07
chr3	141124789	141124789	Hypo	-16.002522415854433	-28.20556966722133	3.09604957727192	-19.662642576304627	-16.981970827393972	-12.994929738954067	0.01959850335939459	8.943398695698683e-11	0.8792646254947849	2.1625866831979674e-05	0.0003231873843943	0.00347790379950725
chr3	151461144	151461144	Hyper	13.242451582377441	-2.619566553726221	20.254513380880685	11.093821543917711	14.306018998917152	15.789240131496712	0.022029107876777757	1.889820336630803e-14	0.9520233818187146	3.5282430544585517e-07	1.5459525257761516e-05	0.001417903438432075
chr3	151461171	151461171	Hyper	16.37408602385543	-3.23497655581908	25.07842681023395	12.229608492416418	18.374761112815776	19.95715615634301	0.01973541819089009	4.729595642724542e-15	0.9491264951817536	6.99985878305526e-08	3.914160140991098e-06	0.000698504781809675
chr3	151461195	151461195	Hyper	14.746811884092628	-1.984900036333304	24.94628464841374	11.408845816304831	16.19622015412697	18.215105428436352	0.03098577108361293	2.584030927548744e-15	0.9845161307660184	2.8949474014514875e-07	1.2820496167081195e-05	0.0019833054348814497
chr3	158570891	158570891	Hyper	7.2601924131090545	0.5385871947622911	10.79276136538128	6.359698624850855	7.46256243374272	8.47520264452854	0.0015903857851331522	1.6477223920138435e-10	0.6550204763075925	3.801315540177216e-07	3.3638481512297286e-06	3.722720850766159e-05
chr3	173914761	173914761	Hyper	6.9897904671499544	1.1472182851715973	11.649318890051608	6.054587587414731	7.083325206108626	8.462596783353142	0.015132861082670063	1.351388001181012e-13	0.6451297373541149	2.152289039191095e-06	7.192291289918998e-05	0.002234680255846525
chr3	179842351	179842351	Hyper	8.048678100120782	3.1257661700558104	11.841697723870936	7.230838967445009	8.140396461413161	8.975363624853015	0.0008999800911062881	4.238737314029072e-10	0.0620907522122672	5.499540857391813e-06	3.841423625999821e-05	0.0002253532726407
chr3	184100065	184100065	Hyper	8.458020896034526	2.0669445836734024	13.281921865899026	7.123215860251337	8.973704998589017	9.844222291872772	0.013019648353533626	3.383349385472484e-16	0.7111374187644818	2.9602166862371652e-06	3.8510821670051154e-05	0.000628868243199475
chr3	197495382	197495382	Hyper	19.499300680389904	4.320722125294319	31.657836955786955	16.941474777434383	19.68944241280601	22.313412431725368	0.006210919908393302	8.088494091141665e-10	0.3568326451123258	7.219187334028652e-05	0.00054364731868445	0.0028338086371251
chr3	197505672	197505672	Hyper	15.14036610933254	-2.1077097553901774	24.899423358449383	12.302112551788616	15.97083112321074	18.492618878322183	0.02201297111860688	9.240239989771024e-09	0.9917560603447017	0.000107615411078125	0.00068939827657945	0.005303512663590325
chr4	1053204	1053204	Hypo	-19.20215289530768	-29.280363923236504	6.652045789946803	-22.930969480906306	-20.456020605769808	-16.592216792856703	0.018412892393444034	6.609510921891033e-09	0.9793148410885286	8.862227125478204e-06	0.00015255970621885	0.003345464514512675
chr4	6342640	6342640	Hyper	9.98152716719099	0.2904725864286639	15.82322552835903	8.203235264538705	10.698996236092936	11.886106451000309	0.00793720477793688	1.3128813012401047e-19	0.887719467539395	1.6920296056735753e-08	6.610008768761624e-07	0.0003901075690893
chr4	6342654	6342654	Hyper	7.0715489591889416	0.5460123994307009	11.17585596644322	6.14257825453638	7.081375159800346	8.14005705210903	0.006443207885514323	4.712784077820245e-11	0.6939070129084792	1.0238814237474048e-05	0.00014179760508925	0.0012226842934895251
chr4	7664217	7664217	Hypo	-9.98852049205143	-13.63873542445167	-6.297562853864008	-10.747163327126897	-9.990130044667225	-9.246725343157435	0.0003855192176893514	6.521195935385601e-25	0.0491436544621056	5.294523322965846e-06	3.90660987659807e-05	0.000204477484208725
chr4	8582744	8582744	Hyper	20.35067110757098	3.525257315907337	31.80672471951487	17.967995774226814	20.492879192728545	22.976628091301997	0.010024077296156909	6.349549486162525e-15	0.764476813389272	5.432346294985819e-06	0.0001137120936918	0.001714817612494075
chr4	13891923	13891923	Hypo	-15.38027607048578	-23.01931944223887	-3.533421079010437	-17.430483454554235	-15.782327804263563	-13.791545669722485	0.015627049274142643	2.357145054275525e-07	0.8549693314315394	0.0002409860885717	0.0011035429196337	0.0058125171035967
chr4	39228150	39228150	Hypo	-27.18932045850918	-42.42989707054602	-1.1118156690694714	-34.64018233199885	-31.948421868399173	-15.44958217927485	0.013187321190864269	9.54759808696514e-11	0.5442249325258856	1.3624534406628591e-06	1.4001108270215249e-05	0.0021495245156235
chr4	55510177	55510177	Hypo	-21.827778348449684	-32.04896303244489	-3.5404238233819827	-25.16581506677567	-22.281147100138504	-19.20868472644741	0.007962309402025547	7.046068457738645e-10	0.5675631511751589	1.7575478011122072e-05	0.0001916163681845	0.0023482016968151
chr4	56544954	56544954	Hyper	9.254445928220743	1.8901232632824227	13.956748960497457	7.926559658168429	9.839882642377535	10.743593040270802	0.005274870781556745	2.7814203263195913e-14	0.7547905693614322	1.2155018417259123e-07	2.6529825698826706e-06	0.00043282774240445
chr4	127624311	127624311	Hyper	21.99551611191309	3.0760807052105097	31.719197561071876	19.514428866387085	22.216183603688584	24.838065828872967	0.01264251212658067	4.0627699425282087e-11	0.9222974319087358	2.695893189151452e-05	0.00032941238177965	0.004292841586467125
chr4	140645543	140645543	Hyper	9.248891877063889	6.26422110499365	12.013066420169247	8.566356091839662	9.249314682839792	9.963701610705613	0.00035733917473494654	1.577003765972135e-13	0.03427964518797	2.03747219994873e-06	2.05064322076831e-05	0.00013559999874885
chr4	151692328	151692328	Hypo	-10.68686872561676	-21.819588359343467	0.7780818413057777	-12.956226271772783	-10.880567009166148	-8.27825389574218	0.01764888534305877	6.017096285094465e-12	0.9606074745530668	4.583190814964601e-05	0.00034983618495225	0.005263330159915475
chr4	162521453	162521453	Hypo	-14.641156345087188	-28.49926821161306	2.366609083699289	-18.277706017665047	-15.763107405187714	-10.855268653123886	0.027270335234256916	6.184093326554165e-16	0.9707572873484692	5.456774209894534e-07	1.269765664415763e-05	0.0009178897201529
chr4	184756500	184756500	Hypo	-7.487065008693603	-9.764830220591104	-2.9862172943356917	-8.189250912958629	-7.61946484328655	-6.943905260326183	0.0013795770450929102	1.6709162731800783e-10	0.159875040438823	8.482546980580156e-07	8.512421965252977e-06	0.0001355927990955
chr4	185470524	185470524	Hyper	6.491706782133818	2.1423301060359004	9.369986332244643	5.905866263195477	6.552504408334631	7.216314244798235	0.008194904967563378	1.4923425515999096e-09	0.5404552297736511	1.5152136137568473e-05	0.00018803205450275	0.0022531706744422
chr5	1075618	1075618	Hyper	6.271243369232179	3.5014674758265363	8.677629829083756	5.67400058986895	6.308030954024158	6.858806893542951	0.003555512890181732	8.48535279308177e-08	0.128543107489001	6.007990211601943e-05	0.00035687755741255	0.002421510294533725
chr5	1891060	1891060	Hypo	-20.37813946283411	-28.66750919675806	-6.534543588964409	-23.114758030309176	-20.76506151152779	-18.103426222277548	0.0029424352115261236	5.01288634601823e-08	0.2960905073881623	2.0145810806262182e-05	0.00013174536985625002	0.00089639838968775
chr5	2008074	2008074	Hyper	7.360390117037855	1.1733030775191833	10.853336775910616	6.598176368193548	7.592246249121026	8.282039207586724	0.002665886843953388	6.768929507605064e-17	0.5785278349834396	9.504792174075346e-08	3.6242662325195426e-06	0.000160563903049475
chr5	5492364	5492364	Hypo	-6.863359055374879	-9.123897686686927	-3.432306381669509	-7.413242900019417	-6.9524510238393065	-6.397050923247552	0.0036728949102213006	2.9912181882086324e-11	0.2777783030617644	2.637756579458596e-06	2.4985065862605106e-05	0.00034299866616390004
chr5	43588186	43588186	Hyper	13.236227246837714	2.744767450652108	18.943676431608317	11.845299455367002	13.404861253889488	14.894036877991564	0.015125892425102112	3.17303884147778e-07	0.7101592424385694	0.00031518275224245	0.0017370528191816	0.008793615499034176
chr5	68962960	68962960	Hyper	8.325560413244258	2.4032195478496776	12.017592514093888	7.215319098079381	8.777385995700948	9.466868654077684	0.006658433111083234	3.1810951418023295e-13	0.5244591757954317	3.20082518019457e-07	6.0104350575440794e-06	0.000839337919685975
chr5	124744389	124744389	Hypo	-6.937684226178482	-9.51466404730216	-2.7775814804756105	-7.849286072498616	-7.232048555221455	-6.122474869736301	0.003545418776615357	8.564182466466026e-14	0.2459308681656668	3.3221014043891703e-07	7.551433519066439e-06	0.000284948481687825
chr5	124744509	124744509	Hypo	-6.485923573830334	-9.762699739961814	-3.1666700233114358	-7.219430129376601	-6.562745198753099	-5.821839569820674	0.0011581293300299829	2.3011320627153987e-10	0.0746513208624325	1.128649915583134e-05	8.887948523067576e-05	0.00047979531057657497
chr5	124744512	124744512	Hypo	-7.738351446585317	-11.07911420095652	-3.1490462922737663	-8.713155584286863	-7.915370133366498	-6.9671473271011655	0.0006851231609304874	8.858137915685542e-13	0.0401590202977233	5.206676309235599e-07	5.982185982226899e-06	7.58897561935431e-05
chr5	132272034	132272034	Hypo	-9.945033586065597	-16.524052715572314	-3.619743860660707	-11.381650445005928	-9.969151533282545	-8.324377317265448	0.0012551791939610971	3.1074660859592157e-09	0.0301925818338486	2.8362171983811392e-05	0.00045896257227325	0.0013510183260532001
chr5	132277599	132277599	Hypo	-26.989799650341986	-48.64717912024869	2.460796143057553	-34.574130251145945	-30.841711754866473	-17.121456225698672	0.04084269852450897	5.811568288111538e-11	0.9633868283685266	4.194716599308374e-06	6.232947536932704e-05	0.001236424300640675
chr5	135400311	135400311	Hypo	-7.287843550044763	-11.46200008452264	-2.6260731242437774	-8.220893373766561	-7.426755271804989	-6.371546761819198	0.0047472901390519465	1.1346900966173251e-11	0.6670888541121675	3.5587968180656715e-06	4.589344038491114e-05	0.00078753728067405
chr5	138372745	138372745	Hypo	-10.010669421452432	-15.817918106963136	-2.356021317056306	-11.65391682928276	-9.977453708141558	-8.489532176011673	0.014583882668131232	1.037634971844952e-08	0.7731600324102958	0.000264803089223925	0.0017564062982667501	0.009890291900787026
chr5	141419364	141419364	Hypo	-7.493052459154472	-10.639384478833469	-2.179169745820692	-8.405209898919287	-7.698574162107777	-6.737922319261446	0.01508655603180947	4.326657723223488e-10	0.9177685786081928	4.784296382245537e-06	4.585788656016605e-05	0.00149860881726805
chr5	148393601	148393601	Hyper	9.040712901412357	4.111017791320581	12.495727549903602	8.161328710781195	9.117899606746178	10.069257526515532	0.0009617124017427412	4.99990739326065e-13	0.0735202139997436	4.008748320010622e-07	5.389553758762666e-06	0.000223630410283025
chr5	153492118	153492118	Hypo	-8.075266325916404	-12.129168314555963	-0.4677719091794485	-9.482219468241826	-8.418312120929514	-7.025894648925912	0.01696115875064011	9.305654509478067e-10	0.9274923339021324	3.6899175803332524e-05	0.00030477730823015	0.003356097304915975
chr5	159106100	159106100	Hypo	-6.161799083981285	-8.79650801417277	-1.1238916099473195	-6.751497997121332	-6.2655869979874375	-5.683917242035642	0.005131742120595778	4.461731085580494e-09	0.7150446768029339	1.494753374392865e-05	8.17923098337517e-05	0.0006808200554639251
chr5	180806833	180806833	Hypo	-8.666710181362323	-13.44889138349799	-2.571628771786416	-9.788234460634127	-8.667640013499923	-7.589815244213208	0.004235508551929239	1.2311181326120903e-09	0.6841854885516051	1.5766108004644065e-05	9.28413095283535e-05	0.0006819744308424751
chr6	572714	572714	Hyper	23.378934183820768	4.985047437542955	30.76862527156452	21.715976642811267	23.77716653476388	25.450903223371427	0.0064316964751381	2.022860942855503e-09	0.9626302297685668	1.0864159785269017e-05	9.188698263995054e-05	0.001007350545264675
chr6	25167001	25167001	Hypo	-6.953736946600513	-9.64859128152603	-1.2918113222725958	-7.869043509826914	-7.092362087980314	-6.225841183872376	0.0035099136153888873	1.7158889137949463e-08	0.3794409739127904	3.4945639857151745e-05	0.00019824294101825	0.0010639305746608248
chr6	29374853	29374853	Hyper	6.898569302866059	2.6310371069984906	9.497560774667358	6.259242242146346	6.957982975022759	7.631146537614367	0.014320173446854366	3.3293790152986252e-09	0.4722633666055744	0.0002469935608095	0.00155526682355845	0.010406648739309726
chr6	32221218	32221218	Hyper	6.973665996603826	3.418954944146857	10.257854005789202	6.336402052722947	6.959250729633126	7.683584794039441	0.0017138516904877216	8.21479970280485e-08	0.1406829206148032	6.519504181939247e-05	0.00029000360665699997	0.001144732749180425
chr6	32395435	32395435	Hyper	6.602728164897024	3.21027517225827	9.0715645034538	5.9800438060171155	6.648905009448841	7.210602081832739	0.0066133255585731875	8.155218558912953e-07	0.3110347022511775	0.000351948510871975	0.0014473150891354	0.005367944962574
chr6	32406407	32406407	Hyper	7.941244123126917	3.186696546130729	12.160392547918075	7.141031331987047	7.958579811341088	8.755577782513472	0.012698948910269098	7.212313725581354e-07	0.5787328070046601	0.0012432574410823	0.004379890396893399	0.013277330453365474
chr6	33107666	33107666	Hyper	6.902325959726875	2.832986322075104	10.086870199486208	6.183309913204921	6.997927755823364	7.688184665934871	0.014078892944064472	7.617502768342153e-11	0.5229652630973155	9.454539752430923e-05	0.0007192248306216	0.009737618563688726
chr6	82365394	82365394	Hypo	-8.519624504788226	-11.045035518632028	-4.91427985088328	-9.186612025948364	-8.599187806168366	-7.981214648688564	0.004955378201066008	3.6544802284968493e-14	0.4334635884648106	2.4456945197523e-07	5.700824850088111e-06	0.0002954867279342
chr6	117264005	117264005	Hyper	8.565306826097446	1.3163608754958869	12.7212081462092	7.533773723514926	8.902742894528021	9.90147892483676	0.003971613556195652	8.356299962794924e-11	0.4472733105234951	1.0334033080899008e-06	9.112747651531973e-06	7.735491986010812e-05
chr6	126527302	126527302	Hypo	-7.841746902201778	-11.911541808243486	-0.2576981813534773	-9.09709244252294	-8.227497968929377	-6.868332743899902	0.009750559982115697	7.501363739752884e-17	0.8205217895764001	6.670722595593753e-07	1.888265150257173e-05	0.000786099284903725
chr6	163750653	163750653	Hyper	9.440905379863072	0.1197792161282351	13.134600040761685	7.863093644826989	10.332585452035964	11.152070804536827	0.02065874408542623	1.7098154506736225e-08	0.9782803951162086	2.1586273533383203e-05	0.0002135158013167	0.004603178343859325
chr6	168067056	168067056	Hypo	-24.184647618625057	-32.89711293648529	-7.331491448570987	-26.616925117664568	-24.797454685201274	-22.17939352684207	0.003272611864087237	3.1054236763478044e-10	0.5096889490390666	7.106336669095634e-06	5.6365005531894367e-05	0.000714178768396
chr6	168081191	168081191	Hyper	14.737842877411714	8.033101429416234	20.47933469472608	13.62513857189293	14.816291939487249	15.883647020063641	0.0010662904503196933	4.620004209218508e-12	0.2962109701612633	6.32336123357215e-06	4.560257836345079e-05	0.000320343449530925
chr6	170163210	170163210	Hyper	13.053159165202388	1.7302178016396663	19.227868778421698	11.649029207582476	13.162272732703201	14.750218182579673	0.013697970027486668	1.729248379447069e-09	0.9018822677886156	8.60678066101761e-05	0.00064537848673145	0.0047574492526799746
chr6	170244354	170244354	Hyper	12.486076452974459	0.3118380381960328	19.710910400727755	9.418544088065861	13.850512428096017	15.334804153719055	0.02156968851901312	3.790319973060457e-12	0.9663358045530188	5.180875206018842e-06	0.00013377344193940001	0.003448722489056275
chr7	768667	768667	Hypo	-23.068750499326534	-33.401298006945204	-3.225215289448574	-26.47335275579879	-23.936236947475244	-20.50116303613071	0.011009530666173394	2.374324347343856e-10	0.5819439146783207	5.634784061787574e-06	8.27670060488535e-05	0.001693325671425
chr7	1297741	1297741	Hypo	-6.717991741327396	-9.460084307115558	-3.118433155699918	-7.3368226201906	-6.7686220801873915	-6.175404912834281	0.002497489572587743	4.7039484407714805e-15	0.206630606576829	8.619675195529201e-07	1.4236755215242696e-05	0.000218074262500625
chr7	2380655	2380655	Hyper	6.860425013049371	3.785006323282292	9.44910511747159	6.272612766917255	6.887888704316364	7.4683014026407895	0.0004034338286677376	3.8043808150246864e-09	0.0319559434371692	6.039047106267477e-06	3.487893601919477e-05	0.0001898249934816
chr7	4203314	4203314	Hypo	-17.69458639023277	-24.818299496808237	-8.58294152988599	-19.807930487279727	-18.26270640050595	-15.813635893684946	0.00262464673554372	1.1147821161711074e-09	0.231634290758979	9.126866985340925e-06	5.844851096820092e-05	0.000878298368833825
chr7	4203330	4203330	Hypo	-15.677083506234554	-22.92648584256184	-6.305701412485432	-17.93637118070314	-16.360103333686318	-13.456097572195997	0.0035837058671466244	1.887029705576357e-09	0.1856068303617552	7.895374094892369e-06	5.562850158507564e-05	0.0012335567487167
chr7	4204053	4204053	Hypo	-19.954955247516974	-26.80576248467957	-7.640482601341924	-21.89536005087535	-20.168466089370156	-18.14912134985139	0.001572882839014268	1.8383121385038903e-09	0.2084674623646217	8.963748588024704e-06	5.798061275529373e-05	0.000344136278342325
chr7	4227319	4227319	Hypo	-24.33952564245092	-30.846524634614315	-1.0593442003175024	-27.16603788477478	-25.050990596199185	-22.376735104135236	0.0010606179905945717	1.3484905311171933e-18	0.7049473282877304	2.4474470548303047e-11	2.1168792025793266e-09	8.937821426243011e-07
chr7	25860504	25860504	Hyper	6.427323386425197	3.1557791410077862	8.812687478835368	5.895334260387022	6.530745000477179	7.015985915711205	7.34493164482589e-05	8.143150738302869e-13	0.0044618338867036	1.6935659408666686e-08	2.665743944465674e-07	6.21008224516336e-06
chr7	50566076	50566076	Hypo	-10.825304203589113	-15.625262687109975	1.8749091626966696	-12.43043809267585	-11.106411748129549	-9.58792629434607	0.011742704475142121	6.757625483512167e-14	0.9164756459594396	3.4799632633916456e-06	6.075978742469662e-05	0.0016335714616716752
chr7	56074654	56074654	Hyper	8.54634379945206	1.1852713052729449	11.983485665074456	7.740550539153018	8.620812735066231	9.441466758764133	0.0051499772001802205	7.594583705648607e-11	0.8275253776910836	5.375943972315539e-06	8.016926612571971e-05	0.001087663077272175
chr7	80125235	80125235	Hypo	-7.748137719645533	-11.201451767178764	2.8983607623193186	-8.888458063737142	-7.905578596169857	-6.826186288246175	0.011836607735231385	1.3340475964277553e-07	0.6756210447615041	0.000107996332618925	0.00064371177589635	0.003712287231890875
chr7	100706924	100706924	Hyper	6.819988352643332	0.1612220158526356	9.68125876527317	5.970637785557086	7.016514727536583	7.750115535518283	0.00639582299077216	1.2116865102917554e-07	0.9862400226644118	5.521281403998913e-05	0.0002974867571934	0.001659432070108475
chr7	102199400	102199400	Hyper	8.299767089328835	3.460458706809177	11.822941430591138	7.523577686738547	8.341248332389124	9.159130298778047	0.008606743965710909	7.437483309815348e-10	0.3976740040045136	0.0001738806853218	0.0013018552017501	0.00678724801640775
chr7	128829705	128829705	Hyper	13.658571923334614	3.265354013105126	18.95808993147712	12.318432541759261	13.894518163291785	15.29614380668413	0.0076104032167148145	5.554783394289208e-12	0.6469699515750543	4.326132903867122e-06	9.38488826320021e-05	0.001478643004876825
chr7	129765841	129765841	Hyper	19.788027153564858	-3.6739094123848943	30.79749263538636	16.003982075847222	21.773821307898608	24.227163119179423	0.03035362662158516	3.0426831461190728e-15	0.9991722806649111	1.7025297202709152e-07	5.005940968289025e-05	0.002701294579790825
chr7	136426839	136426839	Hypo	-14.35635208137881	-24.1490607307446	1.893736899492493	-18.66579831316078	-17.042038942578998	-8.060118014435627	0.02563963743354881	6.087940974395917e-17	0.991769281057303	7.205206290644837e-09	4.767116138131835e-07	0.0008083880402675
chr7	137845971	137845971	Hyper	7.963067656421602	1.0220469612474026	10.797187101600391	6.6428880658391645	8.57192090514982	9.422803173493541	0.006031633650469466	1.4226487407466136e-11	0.6162561250763989	3.163872105739744e-07	5.017517454846205e-06	0.00019407068218702499
chr7	142721475	142721475	Hypo	-18.031884614137237	-25.437601790219368	-0.2540182201753005	-20.399139819994033	-18.445883945027305	-16.134637374871666	0.020612646143207184	5.13839343796803e-12	0.7710161664991416	2.1762198200489552e-05	0.00033690804739789997	0.0069185020602098
chr7	142721508	142721508	Hypo	-14.862104820279795	-20.84990425410247	-0.0709083985501068	-16.777588140380754	-15.181944376725234	-13.363572885318012	0.015590457533249003	9.320199513111708e-11	0.6392697858296211	7.776661352185813e-06	0.000126356206351	0.0041900012245874255
chr7	149621796	149621796	Hyper	13.83935167946924	1.970759156064405	21.5412607007016	10.646698574176677	15.149296669406878	16.541713716011657	0.007384001093603268	1.6049190873426364e-10	0.6844781743227549	3.3365542532144383e-07	3.243768989097459e-06	0.000170536964756175
chr7	149621832	149621832	Hyper	15.044296918489145	3.2878501220608483	23.56406885046	11.244172271646924	16.40198844854379	17.875990480199842	0.0009798855012507237	2.0847102119106743e-14	0.1088515238714264	1.0029465102447236e-09	1.8782962142907628e-08	1.1979529944701815e-05
chr7	149621881	149621881	Hyper	15.835453735789	2.137327967591729	25.288065171411173	11.894581324178194	17.436805528923685	18.98609406891626	0.0047127587086890944	1.1728419079353612e-11	0.629644543729945	6.433864865934148e-08	9.76506348342934e-07	8.553754970778961e-05
chr7	149621922	149621922	Hyper	12.42793993210746	2.236928746265099	19.24181519677032	10.275116939643071	13.236643706550218	14.577918876831738	0.005679212829373956	2.564808314142544e-10	0.5238851561956586	1.1544785852175086e-06	1.2428021625134313e-05	0.0002583078447895
chr7	149621946	149621946	Hyper	14.837614084141306	2.359373079683952	22.87212431704697	11.348835771082692	16.34621633279042	17.723140941708557	0.003940850645319135	2.284403745765173e-11	0.4625408143388124	5.77059337163609e-08	9.582179578032977e-07	6.663995706029732e-05
chr7	149862376	149862376	Hyper	17.808599419494442	0.2004519082718148	27.811758995225052	15.508320672337703	18.320018765015895	20.62526368375206	0.02006462889308258	2.536871753411054e-10	0.8752885407973624	6.10112359682363e-05	0.000593811452339	0.004958319740083375
chr7	154255160	154255160	Hyper	8.13039662261915	3.6337514111920983	12.18808572617422	7.31063327115673	8.230044107531839	8.999792717985244	0.00817698296005507	5.862549532486886e-12	0.4519425835414812	4.5433577985853375e-05	0.0004804473188072	0.00336139237227725
chr7	155000336	155000336	Hyper	8.921939471156307	3.4583490605171074	12.23673566362703	8.222899065889294	8.97270153349044	9.772286989942922	0.005639632772553031	3.660347253886977e-10	0.2369819294646504	0.0001466199514259	0.0008621191230034	0.004094954265908375
chr7	156365107	156365107	Hyper	15.891303071154407	4.392457018842977	22.98161880376717	14.305762271623646	16.212805154662885	17.997807060967318	0.01718603293349205	4.180323173850075e-11	0.6080249998674674	4.5810073423190525e-05	0.00042992895738890003	0.0040962507104008745
chr7	156365158	156365158	Hyper	16.30178212805644	4.270935888148031	24.967211615817742	14.508403511905803	16.508910164148894	18.438766509619917	0.014512135222128747	6.166402695601434e-11	0.5746909300026618	6.054898826503706e-05	0.0004597068409941	0.0038880655292029
chr7	157664966	157664966	Hyper	9.12699119178076	2.960341232994268	12.72585321522538	8.349352420377764	9.227938677217796	10.095790084337509	0.006276720460631377	4.756200807161457e-09	0.3619200857818635	3.610352053905671e-05	0.00026872663605395	0.0027025446844799747
chr8	1894563	1894563	Hyper	8.420639081942594	4.406117503246243	11.44212379372468	7.776902339447542	8.53782037931064	9.214540331796526	0.002641201136872741	6.0315180650797955e-09	0.1049279117625882	3.484654140606227e-05	0.00021445583251830002	0.0011289403979637
chr8	1900575	1900575	Hyper	7.069783539417378	3.294863718709496	10.208488581923836	6.330269203253696	7.065526959864387	7.782135956653857	0.013147141648244197	3.8686408047663515e-11	0.299048873058712	0.0004292087436993	0.0033608519588966	0.0129067155197746
chr8	2064402	2064402	Hypo	-10.629822613224121	-17.78572115443594	-0.6884299919782122	-12.537786772855187	-10.91123370540872	-9.138688681638225	0.012241844028356987	1.9747920742713835e-13	0.7844346923189348	2.651246200071036e-06	6.087693859210243e-05	0.001360430389761675
chr8	17414723	17414723	Hyper	9.033869608223267	0.8064534188898576	13.252626426800113	8.05023651795479	9.307182530351458	10.234148013921471	0.0026623503991376994	1.0294797864193646e-09	0.7669216687370795	4.042078826209882e-06	2.9821098261756548e-05	0.0001630970288898
chr8	20280966	20280966	Hypo	-21.86470848444321	-34.789347569512	0.9271915092497918	-25.192095820121708	-22.398079999940215	-19.351715209862455	0.0106849567644058	2.1117580453235062e-09	0.9691949996109128	1.534043805432861e-05	0.00014641725793145	0.001708211692875725
chr8	22191380	22191380	Hyper	9.931320794352859	3.989280413044627	14.602493143218332	8.832304363801907	10.200820396962362	11.152590058534606	0.005452846357639466	1.5188828721052704e-09	0.3140158033505139	5.138607208442377e-06	5.685464652860417e-05	0.0018350729073680749
chr8	38998970	38998970	Hypo	-8.537047301088027	-11.796919709901829	-3.7014230026683856	-9.342863651236591	-8.663797135136573	-7.844498314703449	0.0016769448319936874	8.436337515874305e-16	0.2090959675729554	6.082744632098231e-08	1.8383881202211397e-06	0.000122648044040275
chr8	48318580	48318580	Hyper	5.777824637910568	2.877507446467442	7.377480473552533	5.40556976046713	5.778029836998938	6.1467845653273985	7.70664125545491e-05	8.45162153384071e-10	0.0141995808890822	1.4002768404307233e-06	7.29663820011425e-06	3.416077649962957e-05
chr8	53252363	53252363	Hypo	-7.34353599804578	-9.847437060154668	-2.0597383927795865	-8.13220402284826	-7.454569854564516	-6.726689431263241	0.007398927875084839	1.6902575352634896e-11	0.7871968284685851	4.934495379653383e-07	7.605626304199018e-06	0.00122884001872455
chr8	78665383	78665383	Hypo	-7.578329512563018	-10.581316414503442	-0.5468803544301015	-8.575304866534442	-7.813858861471374	-6.808788079354949	0.012970062090963986	1.7883843226936251e-09	0.9778334067518756	8.400386550720422e-06	0.0001194985315868	0.0035392417211203746
chr8	98364760	98364760	Hypo	-7.702071570447933	-10.543206835142676	-1.5667846683398543	-8.474320995347215	-7.811468324956371	-7.02441661250713	0.000939406213375993	4.2402380333212476e-11	0.3643685011393631	1.187151835790228e-06	1.1092580348656703e-05	8.427772379234648e-05
chr8	101027310	101027310	Hyper	6.143409917044007	3.332274508507082	8.536148216870842	5.636167736280185	6.1446623994386105	6.694486628039112	0.0018854081129925312	2.425117698837805e-09	0.1265092772463938	1.1806910175745499e-05	8.40814821097289e-05	0.000699796798669925
chr8	128150143	128150143	Hyper	8.38808890360379	1.2556850886837223	12.335150021343733	7.376528470257998	8.684301203814854	9.633391516055347	0.00514131639981968	6.803658950258901e-12	0.4658570986617465	4.7031561108823775e-06	4.9529569893950254e-05	0.0005415405325909751
chr8	132111515	132111515	Hyper	9.062694276689017	1.8479950372949028	13.044954897274952	7.9514175122016555	9.427241234893724	10.5028820182688	0.006981955755535899	1.0994985060302965e-14	0.5587809916867666	4.4359687464347754e-08	6.831849636545308e-07	0.000537003837268975
chr8	132447726	132447726	Hyper	10.2314506417602	2.3999760275758284	13.617933821099715	9.370871442238425	10.556403019139825	11.421900482600666	0.0017579593225930412	4.2951037477684524e-16	0.4299996568101843	1.9532872109308013e-09	1.0842376510411436e-07	1.6043006666854364e-05
chr8	142670423	142670423	Hypo	-18.882994404011523	-24.56859299735632	-9.335746255975485	-20.413028960719025	-19.097558418968045	-17.529191099027678	0.0005521486247025449	4.163157073823253e-11	0.0876250193178347	5.314260174463184e-07	5.321209150480354e-06	6.161888381768381e-05
chr8	142670445	142670445	Hypo	-14.501989738028675	-21.191295788061257	-7.699228447484102	-15.736338044080798	-14.589841057852336	-13.551267749096272	0.0013186127318534475	3.2907826957595573e-11	0.1699443709179799	6.52526159767788e-06	4.1118825742213364e-05	0.0002495240903987
chr8	142670531	142670531	Hypo	-13.242438469945494	-17.532107701493942	-6.167741229941484	-14.52922166362653	-13.503312184046472	-12.151125795423157	0.0006808000407561414	2.1121874849945367e-13	0.0938209862208696	4.3403167249332193e-08	1.116197617758289e-06	4.4580532414325596e-05
chr8	142670561	142670561	Hypo	-12.714616851714911	-18.34764492324282	-2.887484390947459	-14.479057693722087	-12.996570375959848	-11.43711137322013	0.008552229078775368	1.4927007210579832e-09	0.6297534689044102	7.348015187537899e-06	0.0001213416498883	0.0027647721469678498
chr8	143334036	143334036	Hypo	-10.638305762536806	-13.254680501087709	-5.169569394126084	-11.523579216649935	-10.804229032037883	-9.920836383299621	3.6945891778888954e-05	9.79114428386163e-19	0.010483999319756	3.190668624181319e-11	1.5357528143144774e-09	1.1051929070415064e-07
chr8	143959565	143959565	Hyper	14.941877016719438	-1.4176979588582217	23.501186258801145	11.9780465290604	16.13571487969712	18.16461765804335	0.020781236132752255	7.565114664084071e-11	0.9808463274754948	1.4294951229891724e-05	0.0002744786378528	0.0048304085566408
chr9	15360721	15360721	Hyper	12.556291847626428	0.6678884074868829	20.62539129101237	10.413226125335157	12.659652107055969	14.921602473381448	0.013274829996719792	2.349907685495558e-10	0.5807204751505487	6.276063686989608e-05	0.00052191981456805	0.0049430105981057
chr9	33750359	33750359	Hyper	6.5890414107192115	3.43734761630532	8.525199264818417	6.0917605474928855	6.690241566932414	7.202260205206298	0.0006161120163708449	8.790724465044397e-12	0.05221841287004	2.1523676381853897e-07	2.4592674113574563e-06	4.213856340211996e-05
chr9	34505720	34505720	Hyper	8.697876377706894	2.33025768677092	12.150735310390582	7.8312919075946175	8.860328554479995	9.843584170461513	0.008613645373842621	3.0264587936446584e-12	0.7132486558640738	2.376312621252762e-07	4.257421158168182e-06	0.00026886907835814997
chr9	95517718	95517718	Hypo	-7.553175060104279	-10.74680327053486	-2.936040639324045	-8.25911611660819	-7.630701928422159	-6.851590216352427	0.005820029863013539	3.9717192668248465e-08	0.2668316999209579	6.51938728974477e-05	0.0004068312214199	0.002447488667429025
chr9	134702387	134702387	Hyper	7.774249744311023	3.101379604163257	11.126809284633609	7.037067155798995	7.8604793714892764	8.52685897719924	0.00418749583610618	1.5571559834821505e-07	0.1851737545211286	0.000384834880336425	0.0013950898013282498	0.003931181745991625
chrX	497398	497398	Hyper	12.07776370045779	-0.1110188936673195	21.27264302932768	10.42018134415276	12.31904614904961	14.0966466194729	0.016613790454257343	2.430206679956261e-11	0.6860932370122137	2.884899501725457e-05	0.00042517560187195003	0.0070712895280810005
chrX	153027806	153027806	Hyper	9.438443734729542	4.30015579506926	13.292313437457338	8.565606964402818	9.46765910801412	10.336614354063013	0.0006263078117395037	1.070623387201149e-11	0.0355959335541855	8.358936260138522e-07	8.946184756130226e-06	0.00015747173746725
